-1.432e+00 -4.374e-04 3.195e-16
-5.079e-01 -1.400e-03 -1.764e-15
7.485e-01 7.051e-04 2.443e-15
2.418e-01 4.774e-03 -7.319e-16
1.605e-01 8.452e-03 -1.896e-15
-8.310e-02 9.160e-03 -8.595e-16
-2.884e-01 5.168e-03 4.651e-15
-4.176e-01 -3.494e-03 -2.509e-15
-4.108e-01 -1.468e-02 3.722e-16
-3.066e-01 -2.503e-02 1.711e-16
-1.643e-01 -3.152e-02 -1.077e-15
-9.102e-02 -3.230e-02 8.722e-16
2.157e-02 -3.120e-02 1.599e-16
1.087e-01 -3.345e-02 -7.532e-17
2.378e-01 -3.468e-02 2.872e-16
3.639e-01 -3.021e-02 -8.589e-16
4.198e-01 -2.145e-02 -7.218e-16
3.882e-01 -1.118e-02 4.602e-16
2.594e-01 -2.533e-03 3.766e-16
1.746e-02 2.904e-03 7.694e-16
-2.147e-01 5.223e-03 -5.924e-16
-3.577e-01 5.065e-03 -8.889e-16
-3.828e-01 3.444e-03 8.202e-16
-4.924e-01 1.895e-03 4.028e-16
2.774e-02 2.059e-03 -8.830e-17
-1.747e+00 5.128e-03 2.503e-17
4.404e+00 1.078e-02 -6.389e-16
1.048e+01 1.804e-02 4.972e-16
-2.058e+01 2.353e-02 -2.800e+00
-2.500e+01 2.478e-02 -2.817e-16
-2.500e+01 2.503e-02 3.298e-16
-1.074e+01 2.496e-02 -3.067e-16
6.131e+00 2.438e-02 2.434e-18
2.500e+01 2.360e-02 1.261e-01
2.500e+01 2.266e-02 2.674e+00
1.420e+01 2.183e-02 -1.974e-15
