1.226e+03 -5.750e-02 1.147e+00 4.507e+00 -5.547e-02 -3.431e-02 0.000e+00 5.576e-02 1.500e+00 0.000e+00
1.228e+03 -8.682e-02 1.138e+00 3.791e+00 -6.083e-02 -5.450e-03 -7.395e-02 5.554e-02 1.500e+00 -5.182e+00
1.230e+03 -1.170e-01 1.141e+00 3.537e+00 -5.829e-02 2.025e-02 -1.414e-01 5.484e-02 1.500e+00 -9.307e+00
1.232e+03 -1.432e-01 1.157e+00 3.911e+00 -4.430e-02 4.230e-02 -2.095e-01 5.520e-02 1.500e+00 -1.354e+01
1.234e+03 -1.599e-01 1.182e+00 4.032e+00 -2.174e-02 5.622e-02 -2.794e-01 5.758e-02 1.500e+00 -1.807e+01
1.236e+03 -1.643e-01 1.212e+00 4.112e+00 4.269e-03 6.019e-02 -3.494e-01 6.181e-02 1.500e+00 -2.272e+01
1.238e+03 -1.558e-01 1.241e+00 4.071e+00 2.911e-02 5.358e-02 -4.174e-01 6.639e-02 1.500e+00 -2.740e+01
1.240e+03 -1.362e-01 1.264e+00 3.926e+00 4.826e-02 3.776e-02 -4.825e-01 6.897e-02 1.500e+00 -3.200e+01
1.242e+03 -1.091e-01 1.278e+00 3.718e+00 5.841e-02 1.654e-02 -5.443e-01 6.723e-02 1.500e+00 -3.641e+01
1.244e+03 -7.935e-02 1.280e+00 3.512e+00 5.922e-02 -4.656e-03 -6.007e-01 5.988e-02 1.500e+00 -4.058e+01
1.246e+03 -5.093e-02 1.274e+00 3.359e+00 5.382e-02 -2.127e-02 -6.481e-01 4.737e-02 1.500e+00 -4.452e+01
1.247e+03 -2.576e-02 1.260e+00 3.277e+00 4.699e-02 -3.153e-02 -6.822e-01 3.161e-02 1.500e+00 -4.830e+01
1.249e+03 -3.520e-03 1.243e+00 3.231e+00 4.260e-02 -3.607e-02 -7.000e-01 1.546e-02 1.500e+00 -5.200e+01
1.250e+03 1.756e-02 1.225e+00 3.242e+00 4.247e-02 -3.596e-02 -7.000e-01 -1.402e-04 1.500e+00 -5.570e+01
1.252e+03 3.972e-02 1.208e+00 3.296e+00 4.686e-02 -3.091e-02 -6.810e-01 -1.686e-02 1.500e+00 -5.941e+01
1.254e+03 6.491e-02 1.195e+00 3.415e+00 5.406e-02 -1.921e-02 -6.425e-01 -3.420e-02 1.500e+00 -6.320e+01
1.255e+03 9.338e-02 1.190e+00 3.597e+00 5.880e-02 3.067e-04 -5.874e-01 -4.931e-02 1.500e+00 -6.716e+01
1.257e+03 1.221e-01 1.196e+00 3.807e+00 5.388e-02 2.476e-02 -5.196e-01 -6.004e-02 1.500e+00 -7.135e+01
1.259e+03 1.451e-01 1.214e+00 4.001e+00 3.600e-02 4.647e-02 -4.431e-01 -6.563e-02 1.500e+00 -7.579e+01
1.261e+03 1.566e-01 1.241e+00 4.131e+00 9.632e-03 5.773e-02 -3.645e-01 -6.689e-02 1.500e+00 -8.043e+01
1.263e+03 1.547e-01 1.270e+00 4.140e+00 -1.686e-02 5.641e-02 -2.920e-01 -6.544e-02 1.500e+00 -8.516e+01
1.265e+03 1.408e-01 1.296e+00 4.032e+00 -3.756e-02 4.562e-02 -2.285e-01 -6.283e-02 1.500e+00 -8.984e+01
1.267e+03 1.184e-01 1.315e+00 3.853e+00 -5.073e-02 2.969e-02 -1.725e-01 -6.030e-02 1.500e+00 -9.436e+01
1.269e+03 9.125e-02 1.325e+00 3.662e+00 -5.676e-02 1.174e-02 -1.207e-01 -5.857e-02 1.500e+00 -9.866e+01
1.271e+03 6.267e-02 1.326e+00 3.416e+00 -5.658e-02 -6.390e-03 -7.028e-02 -5.763e-02 1.500e+00 -1.027e+02
1.273e+03 3.570e-02 1.319e+00 3.430e+00 -5.027e-02 -2.315e-02 -1.948e-02 -5.660e-02 1.500e+00 -1.066e+02
1.274e+03 1.303e-02 1.304e+00 2.556e+00 -3.992e-02 -3.798e-02 3.287e-02 -5.403e-02 1.500e+00 -1.100e+02
1.276e+03 -3.049e-03 1.282e+00 4.758e+00 -2.352e-02 -4.488e-02 8.499e-02 -4.864e-02 1.500e+00 -1.142e+02
1.280e+03 -1.070e-02 1.262e+00 1.000e+01 -8.340e-03 -3.447e-02 1.240e-01 -3.962e-02 1.500e+00 -1.199e+02
1.282e+03 -1.364e-02 1.246e+00 -2.910e-01 -4.848e-03 -2.947e-02 1.358e-01 -2.786e-02 1.000e-01 -1.211e+02
1.279e+03 -1.590e-02 1.233e+00 -1.279e+01 -4.323e-03 -2.387e-02 1.333e-01 -1.547e-02 1.000e-01 -1.206e+02
1.269e+03 -1.808e-02 1.222e+00 -2.529e+01 -4.526e-03 -2.207e-02 1.296e-01 -2.954e-03 1.000e-01 -1.192e+02
1.255e+03 -2.056e-02 1.210e+00 -3.066e+01 -5.545e-03 -2.300e-02 1.241e-01 9.527e-03 1.000e-01 -1.178e+02
1.241e+03 -2.372e-02 1.199e+00 -2.760e+01 -7.105e-03 -2.410e-02 1.161e-01 2.172e-02 1.000e-01 -1.169e+02
1.230e+03 -2.775e-02 1.186e+00 -1.510e+01 -9.130e-03 -2.482e-02 1.057e-01 3.352e-02 1.631e-01 -1.164e+02
1.226e+03 -3.549e-02 1.170e+00 -2.595e+00 -2.767e-02 -4.594e-02 7.546e-02 4.485e-02 1.500e+00 -1.136e+02
1.226e+03 -5.750e-02 1.147e+00 4.507e+00 -5.547e-02 -3.431e-02 2.584e-05 5.576e-02 1.500e+00 -1.150e+02
