0.000125 0.8997 4.7668e-05 0.015277 0.029265 -0.07692 -1e-05
0.00013 0.8997 4.7668e-05 0.014508 0.029265 0.00015 1e-05
0.00013 0.8997 4.7668e-05 0.014509 0.029265 0.00015 0
0.00013 0.8997 4.7668e-05 0.014511 0.029265 0.00015 0
0.00013 0.8997 4.7668e-05 0.014512 0.029265 0.00015 0
0.00013 0.8997 4.7668e-05 0.014514 0.029265 0.00015 0
0.00013 0.8997 4.7668e-05 0.014515 0.029265 0.00015 0
0.00013 0.8997 4.7668e-05 0.014517 0.029265 -0.07758 -1e-05
0.000135 0.8997 4.7668e-05 0.013741 0.029265 -0.00051 1e-05
0.000135 0.8997 4.7668e-05 0.013736 0.029265 -0.0005 0
0.000135 0.8997 4.7668e-05 0.013731 0.029265 -0.00051 0
0.000135 0.8997 4.7668e-05 0.013726 0.029265 -0.00051 0
0.000135 0.8997 4.7668e-05 0.013721 0.029265 -0.00051 0
0.000135 0.8997 4.7668e-05 0.013716 0.029265 -0.07824 -1e-05
0.00014 0.8997 4.7668e-05 0.012933 0.029265 -0.00117 1e-05
0.00014 0.8997 4.7668e-05 0.012921 0.029265 -0.00116 0
0.00014 0.8997 4.7668e-05 0.01291 0.029265 -0.00117 0
0.00014 0.8997 4.7668e-05 0.012898 0.029265 -0.00117 0
0.00014 0.8997 4.7668e-05 0.012886 0.029265 -0.00116 0
0.00014 0.8997 4.7668e-05 0.012875 0.029265 -0.00117 0
0.00014 0.8997 4.7668e-05 0.012863 0.029265 -0.00117 0
0.00014 0.8997 4.7668e-05 0.012851 0.029265 -0.0789 -1e-05
0.000145 0.8997 4.7668e-05 0.012062 0.029265 -0.00182 1e-05
0.000145 0.8997 4.7668e-05 0.012044 0.029265 -0.00183 0
0.000145 0.8997 4.7668e-05 0.012026 0.029265 -0.00183 0
0.000145 0.8997 4.7668e-05 0.012008 0.029265 -0.00182 0
0.000145 0.8997 4.7668e-05 0.011989 0.029265 -0.07956 -1e-05
0.00015 0.8997 4.7668e-05 0.011194 0.029265 -0.00248 1e-05
0.00015 0.8997 4.7668e-05 0.011169 0.029265 -0.00249 0
0.00015 0.8997 4.7668e-05 0.011144 0.029265 -0.00248 0
0.00015 0.8997 4.7668e-05 0.011119 0.029265 -0.00249 0
0.00015 0.8997 4.7668e-05 0.011094 0.029265 -0.00248 0
0.00015 0.8997 4.7668e-05 0.01107 0.029265 -0.00249 0
0.00015 0.8997 4.7668e-05 0.011045 0.029265 -0.08022 -1e-05
0.000155 0.8997 4.7668e-05 0.010242 0.029265 -0.00314 1e-05
0.000155 0.8997 4.7668e-05 0.010211 0.029265 -0.00314 0
0.000155 0.8997 4.7668e-05 0.01018 0.029265 -0.00315 0
0.000155 0.8997 4.7668e-05 0.010148 0.029265 -0.00314 0
0.000155 0.8997 4.7668e-05 0.010117 0.029265 -0.00315 0
0.000155 0.8997 4.7668e-05 0.010085 0.029265 -0.00314 0
0.000155 0.8997 4.7668e-05 0.010054 0.029265 -0.080875 -1e-05
0.00016 0.8997 4.7668e-05 0.0092452 0.029265 -0.003803 1e-05
0.00016 0.8997 4.7668e-05 0.0092071 0.029265 -0.003804 0
0.00016 0.8997 4.7668e-05 0.0091691 0.029265 -0.003803 0
0.00016 0.8997 4.7668e-05 0.009131 0.029265 -0.003803 0
0.00016 0.8997 4.7668e-05 0.009093 0.029265 -0.003803 0
0.00016 0.8997 4.7668e-05 0.009055 0.029265 -0.003803 0
0.00016 0.8997 4.7668e-05 0.009017 0.029265 -0.003803 0
0.00016 0.8997 4.7668e-05 0.0089789 0.029265 -0.081534 -1e-05
0.000165 0.8997 4.7668e-05 0.0081636 0.029265 -0.004462 1e-05
0.000165 0.8997 4.7668e-05 0.008119 0.029265 -0.004462 0
0.000165 0.8997 4.7668e-05 0.0080743 0.029265 -0.004462 0
0.000165 0.8997 4.7668e-05 0.0080297 0.029265 -0.004462 0
0.000165 0.8997 4.7668e-05 0.0079851 0.029265 -0.004462 0
0.000165 0.8997 4.7668e-05 0.0079405 0.029265 -0.004462 0
0.000165 0.8997 4.7668e-05 0.0078959 0.029265 -0.004462 0
0.000165 0.8997 4.7668e-05 0.0078513 0.029265 -0.004462 0
0.000165 0.8997 4.7668e-05 0.0078066 0.029265 -0.082193 -1e-05
0.00017 0.8997 4.7668e-05 0.0069847 0.029265 -0.005121 1e-05
0.00017 0.8997 4.7668e-05 0.0069335 0.029265 -0.005121 0
0.00017 0.8997 4.7668e-05 0.0068823 0.029265 -0.005121 0
0.00017 0.8997 4.7668e-05 0.0068311 0.029265 -0.005121 0
0.00017 0.8997 4.7668e-05 0.0067799 0.029265 -0.005121 0
0.00017 0.8997 4.7668e-05 0.0067287 0.029265 -0.005122 0
0.00017 0.8997 4.7668e-05 0.0066774 0.029265 -0.005121 0
0.00017 0.8997 4.7668e-05 0.0066262 0.029265 -0.082851 -1e-05
0.000175 0.8997 4.7668e-05 0.0057977 0.029265 -0.00578 1e-05
0.000175 0.8997 4.7668e-05 0.0057399 0.029265 -0.00578 0
0.000175 0.8997 4.7668e-05 0.0056821 0.029265 -0.00578 0
0.000175 0.8997 4.7668e-05 0.0056243 0.029265 -0.00578 0
0.000175 0.8997 4.7668e-05 0.0055665 0.029265 -0.00578 0
0.000175 0.8997 4.7668e-05 0.0055087 0.029265 -0.00578 0
0.000175 0.8997 4.7668e-05 0.0054509 0.029265 -0.00578 0
0.000175 0.8997 4.7668e-05 0.0053931 0.029265 -0.00578 0
0.000175 0.8997 4.7668e-05 0.0053353 0.029265 -0.00578 0
0.000175 0.8997 4.7668e-05 0.0052775 0.029265 -0.00578 0
0.000175 0.8997 4.7668e-05 0.0052197 0.029265 -0.083511 -1e-05
0.00018 0.8997 4.7668e-05 0.0043846 0.029265 -0.006439 1e-05
0.00018 0.8997 4.7668e-05 0.0043202 0.029265 -0.006439 0
0.00018 0.8997 4.7668e-05 0.0042558 0.029265 -0.006439 0
0.00018 0.8997 4.7668e-05 0.0041914 0.029265 -0.006439 0
0.00018 0.8997 4.7668e-05 0.004127 0.029265 -0.006439 0
0.00018 0.8997 4.7668e-05 0.0040627 0.029265 -0.006439 0
0.00018 0.8997 4.7668e-05 0.0039983 0.029265 -0.006439 0
0.00018 0.8997 4.7668e-05 0.0039339 0.029265 -0.006439 0
0.00018 0.8997 4.7668e-05 0.0038695 0.029265 -0.006439 0
0.00018 0.8997 4.7668e-05 0.0038051 0.029265 -0.006439 0
0.00018 0.8997 4.7668e-05 0.0037407 0.029265 -0.006439 0
0.00018 0.8997 4.7668e-05 0.0036763 0.029265 -0.006439 0
0.00018 0.8997 4.7668e-05 0.0036119 0.029265 -0.006439 0
0.00018 0.8997 4.7668e-05 0.0035475 0.029265 0.90724 -8e-05
0.000185 0.8997 0.0001262 0.01262 0.029265 0.02138 -6e-05
0.000185 0.8997 0.0001262 0.012834 0.029264 0.02138 1e-05
0.000185 0.8997 0.0001262 0.013048 0.029264 0.02138 1e-05
0.000185 0.8997 0.0001262 0.013261 0.029264 0.02138 1e-05
0.000185 0.8997 0.0001262 0.013475 0.029264 -0.05636 -3e-05
0.00019 0.8997 0.0001262 0.012911 0.029264 0.02072 1e-05
0.00019 0.8997 0.0001262 0.013119 0.029264 0.02072 1e-05
0.00019 0.8997 0.0001262 0.013326 0.029264 0.02072 0
0.00019 0.8997 0.0001262 0.013533 0.029264 26.307 -100
0.000195 0.8997 0.0001262 0.2766 -0.97074 26.666 -100
0.000195 0.8997 0.0001262 0.54326 -1.9707 24.983 -96.351
0.00023 0.89969 4.7778e-05 0.79309 -2.9343 22.063 -84.789
0.000375 0.89957 -0.00010863 1.0137 -3.7821 18.576 -74.614
0.000665 0.89922 -0.00034225 1.1995 -4.5283 16.601 -65.661
0.001095 0.89854 -0.00053472 1.3655 -5.1849 12.087 -57.781
0.00164 0.89745 -0.00092118 1.4864 -5.7627 7.858 -50.848
0.002275 0.89594 -0.0015016 1.5649 -6.2712 5.266 -44.746
0.002985 0.89402 -0.0021581 1.6176 -6.7186 3.961 -39.376
0.00375 0.89174 -0.0028125 1.6572 -7.1124 4.066 -34.651
0.004545 0.88917 -0.0033866 1.6979 -7.4589 3.205 -30.493
0.00537 0.88645 -0.0039597 1.7299 -7.7638 3.091 -26.834
0.00621 0.88362 -0.0044928 1.7608 -8.0322 -0.696 -23.614
0.007075 0.88075 -0.0052612 1.7539 -8.2683 -2.749 -20.78
0.007945 0.87787 -0.0061472 1.7264 -8.4761 -2.973 -18.287
0.00883 0.87498 -0.0069938 1.6966 -8.659 -3.956 -16.092
0.009715 0.87211 -0.0078797 1.6571 -8.8199 -4.135 -14.161
0.01058 0.86924 -0.0087654 1.6157 -8.9615 -10.979 -12.462
0.01143 0.86635 -0.010161 1.5059 -9.0861 -11.782 -10.966
0.012255 0.86343 -0.011596 1.3881 -9.1958 -6.268 -9.65
0.01304 0.86045 -0.012599 1.3255 -9.2923 -6.525 -8.493
0.013775 0.85743 -0.01364 1.2602 -9.3772 -1.196 -7.473
0.01446 0.85435 -0.014288 1.2482 -9.452 -0.363 -6.577
0.0151 0.85123 -0.014897 1.2446 -9.5177 -2.358 -5.787
0.015715 0.84806 -0.015662 1.221 -9.5756 -0.556 -5.093
0.01632 0.84483 -0.01627 1.2155 -9.6265 1.238 -4.481
0.01692 0.84159 -0.01672 1.2279 -9.6713 0.618 -3.944
0.01751 0.83834 -0.017209 1.234 -9.7108 0.785 -3.471
0.018105 0.83508 -0.017659 1.2419 -9.7455 0.458 -3.054
0.018705 0.83183 -0.018109 1.2465 -9.776 -1.909 -2.688
0.01931 0.82855 -0.018715 1.2274 -9.8029 0.774 -2.365
0.01992 0.8253 -0.019086 1.2351 -9.8266 -0.977 -2.081
0.02053 0.82204 -0.019574 1.2253 -9.8474 -0.139 -1.832
0.021135 0.81878 -0.019984 1.224 -9.8657 1.608 -1.611
0.021745 0.81551 -0.020236 1.24 -9.8818 -1.63 -1.419
0.022355 0.81221 -0.020724 1.2237 -9.896 -2.832 -1.248
0.02296 0.80893 -0.02129 1.1954 -9.9085 -0.613 0.963
0.02357 0.80563 -0.021659 1.1893 -9.8988 1.748 2.904
0.02418 0.80233 -0.021832 1.2068 -9.8698 0.733 4.701
0.02478 0.79902 -0.022083 1.2141 -9.8228 2.254 6.688
0.02537 0.79571 -0.022216 1.2366 -9.7559 -1.508 8.291
0.025965 0.79237 -0.022624 1.2215 -9.673 1.73 10.158
0.02657 0.78908 -0.022757 1.2389 -9.5714 0.014 11.318
0.02718 0.78582 -0.023007 1.239 -9.4582 0.307 12.744
0.027795 0.78259 -0.023219 1.2421 -9.3308 2.348 13.972
0.0284 0.77939 -0.023273 1.2655 -9.1911 3.207 15.007
0.02901 0.77625 -0.023249 1.2976 -9.041 1.994 15.942
0.02963 0.77313 -0.023304 1.3175 -8.8816 0.756 16.771
0.03026 0.77009 -0.023437 1.3251 -8.7139 1.456 17.631
0.030905 0.7671 -0.023493 1.3397 -8.5376 0.658 18.213
0.031565 0.76418 -0.023588 1.3462 -8.3554 1.064 18.817
0.032225 0.76133 -0.023643 1.3569 -8.1673 2.419 19.373
0.03289 0.75854 -0.023582 1.3811 -7.9735 2.298 19.787
0.03356 0.75579 -0.023521 1.4041 -7.7757 0.968 20.053
0.03425 0.75313 -0.023538 1.4137 -7.5751 1.326 20.41
0.034945 0.75053 -0.023517 1.427 -7.371 2.691 20.696
0.035645 0.74799 -0.023379 1.4539 -7.1641 3.019 20.858
0.036355 0.74552 -0.023201 1.4841 -6.9555 0.866 20.792
0.037075 0.74313 -0.023181 1.4928 -6.7476 1.162 20.946
0.037805 0.74081 -0.023123 1.5044 -6.5381 3.882 21.145
0.03855 0.73854 -0.022829 1.5432 -6.3267 1.401 20.808
0.039295 0.73636 -0.022732 1.5572 -6.1186 1.715 20.81
0.04005 0.73426 -0.022596 1.5744 -5.9105 3.021 20.771
0.040815 0.73222 -0.022343 1.6046 -5.7028 3.86 20.628
0.04159 0.73026 -0.022012 1.6432 -5.4965 1.344 20.204
0.04237 0.72837 -0.021878 1.6566 -5.2945 2.022 20.106
0.04317 0.72655 -0.021666 1.6768 -5.0934 1.731 19.843
0.04399 0.72479 -0.021454 1.6941 -4.895 4.081 19.677
0.044815 0.72311 -0.021046 1.7349 -4.6982 3.485 19.325
0.04565 0.7215 -0.020679 1.7698 -4.505 0.446 18.775
0.046495 0.71993 -0.020547 1.7743 -4.3172 2.434 18.628
0.04737 0.71845 -0.02022 1.7986 -4.1309 1.813 18.21
0.048255 0.71703 -0.019932 1.8167 -3.9488 2.023 17.867
0.04916 0.71567 -0.019606 1.837 -3.7702 3.47 17.552
0.050065 0.71437 -0.019162 1.8717 -3.5946 0.399 16.911
0.050985 0.71313 -0.018955 1.8757 -3.4255 4.096 16.807
0.051915 0.71194 -0.018433 1.9166 -3.2574 0.565 16.094
0.05286 0.71082 -0.018188 1.9223 -3.0965 3.296 15.878
0.053815 0.70975 -0.017707 1.9552 -2.9377 2.236 15.392
0.05478 0.70874 -0.017305 1.9776 -2.7838 1.7 14.863
0.05575 0.70778 -0.016943 1.9946 -2.6352 0.958 14.372
0.05674 0.70688 -0.01662 2.0042 -2.4915 1.771 13.998
0.05774 0.70603 -0.01622 2.0219 -2.3515 2.536 13.607
0.058755 0.70524 -0.015741 2.0472 -2.2154 0.652 12.995
0.05977 0.70448 -0.01542 2.0537 -2.0855 0.507 12.535
0.060795 0.70377 -0.015099 2.0588 -1.9601 3.76 12.334
0.061825 0.70311 -0.014504 2.0964 -1.8368 1.716 11.78
0.06287 0.70249 -0.014067 2.1136 -1.719 1.322 11.248
0.06391 0.70191 -0.013669 2.1268 -1.6065 2.553 10.909
0.064965 0.70138 -0.013153 2.1523 -1.4974 2.052 10.494
0.066025 0.70086 -0.012677 2.1728 -1.3925 0.928 9.971
0.0671 0.70039 -0.01228 2.1821 -1.2928 1.879 9.622
0.068175 0.69995 -0.011805 2.2009 -1.1965 2.717 9.297
0.06926 0.69954 -0.011251 2.2281 -1.1036 2.696 8.895
0.07035 0.69917 -0.010698 2.2551 -1.0146 2.477 8.4921
0.07146 0.69884 -0.010145 2.2798 -0.92969 0.498 7.9459
0.07258 0.69854 -0.0097495 2.2848 -0.85023 2.123 7.6756
0.07372 0.69827 -0.0091973 2.306 -0.77347 2.029 7.3429
0.07487 0.69804 -0.0086453 2.3263 -0.70005 1.126 6.8996
0.07602 0.69782 -0.008172 2.3376 -0.63105 0.606 6.4712
0.077175 0.69763 -0.0077383 2.3436 -0.56634 0.478 6.1099
0.07834 0.69746 -0.0073048 2.3484 -0.50524 1.698 5.8931
0.07952 0.69731 -0.0067537 2.3654 -0.44631 1.867 5.5918
0.08069 0.69719 -0.0062028 2.3841 -0.39039 -0.044 5.1131
0.081865 0.69708 -0.0058091 2.3836 -0.33926 0.156 4.8136
0.08306 0.69699 -0.0053763 2.3852 -0.29112 0.695 4.5833
0.08425 0.69691 -0.0049044 2.3921 -0.24529 0.172 4.2857
0.085445 0.69685 -0.0044718 2.3939 -0.20243 1.05 4.0688
0.086645 0.69679 -0.0039609 2.4044 -0.16174 0.067 3.7647
0.08785 0.69676 -0.0035286 2.405 -0.1241 0.134 3.4687
0.08905 0.69674 -0.0030965 2.4064 -0.08941 1.074 3.2682
0.09025 0.69674 -0.002586 2.4171 -0.056728 1.844 3.1578
0.091465 0.69674 -0.001997 2.4356 -0.02515 1.554 2.9378
0.09267 0.69674 -0.0014473 2.4511 0.004228 1.124 2.6785
0.093875 0.69674 -0.00093683 2.4623 0.031013 1.359 2.5332
0.0951 0.69674 -0.0003871 2.4759 0.056345 1.264 2.4021
0.096335 0.69674 0.00016263 2.4886 0.080366 1.77 2.2707
0.09757 0.69674 0.00075162 2.5063 0.10307 0.748 2.0795
0.098815 0.69674 0.0012621 2.5137 0.12387 -0.429 1.8741
0.10008 0.69674 0.001694 2.5095 0.14261 -0.367 1.7216
0.10134 0.69674 0.0021259 2.5058 0.15982 -0.837 1.5752
0.1026 0.69674 0.0025186 2.4974 0.17558 -0.447 1.4846
0.10386 0.69674 0.0029505 2.4929 0.19042 -0.515 1.4102
0.10514 0.69674 0.0033825 2.4878 0.20453 -1.128 1.2386
0.10638 0.69674 0.0037359 2.4765 0.21691 -1.621 1.0882
0.10762 0.69674 0.00405 2.4603 0.22779 -0.718 1.042
0.10887 0.69674 0.0044426 2.4531 0.23821 -0.665 0.9981
0.11011 0.69674 0.0048353 2.4465 0.24819 -1.483 0.8663
0.11134 0.69675 0.0051493 2.4316 0.25686 -0.916 0.7786
0.11256 0.69675 0.0055027 2.4225 0.26464 -0.601 0.7502
0.11379 0.69676 0.0058953 2.4165 0.27215 -0.349 0.681
0.115 0.69678 0.0062877 2.413 0.27896 -0.763 0.544
0.11621 0.69681 0.0066408 2.4053 0.2844 -0.316 0.449
0.11741 0.69686 0.007033 2.4022 0.28889 -0.795 0.3354
0.11861 0.69693 0.0073857 2.3942 0.29224 -0.62 0.2088
0.1198 0.69702 0.0077384 2.388 0.29433 -0.301 0.1384
0.12101 0.6971 0.0081302 2.385 0.29571 0.16 0.1125
0.1222 0.69719 0.0085613 2.3866 0.29684 -1.306 -0.0009
0.12341 0.69728 0.0088746 2.3736 0.29683 -1.74 -0.0975
0.12461 0.69736 0.0091487 2.3562 0.29585 -1.783 -0.1551
0.12581 0.69744 0.0094228 2.3383 0.2943 -0.821 -0.1653
0.12701 0.69751 0.0097755 2.3301 0.29265 -1.175 -0.1704
0.12819 0.69757 0.010089 2.3184 0.29094 -2.011 -0.2721
0.12937 0.69764 0.010324 2.2983 0.28822 -1.932 -0.3409
0.13053 0.69771 0.010559 2.279 0.28481 -1.515 -0.3786
0.1317 0.6978 0.010833 2.2638 0.28103 -1.825 -0.402
0.13284 0.69787 0.011068 2.2456 0.27701 -2.211 -0.456
0.13398 0.69794 0.011264 2.2234 0.27245 -1.334 -0.4719
0.13512 0.69802 0.011538 2.2101 0.26773 -1.574 -0.4617
0.13625 0.69808 0.011773 2.1944 0.26311 -1.959 -0.5205
0.13736 0.69815 0.011968 2.1748 0.25791 -2.015 -0.5376
0.13847 0.69822 0.012164 2.1546 0.25253 -2.41 -0.5544
0.13956 0.69828 0.012321 2.1305 0.24699 -2.28 -0.5789
0.14065 0.69834 0.012477 2.1077 0.2412 -1.276 -0.575
0.14172 0.69841 0.012712 2.095 0.23545 -1.186 -0.5581
0.14279 0.69847 0.012947 2.0831 0.22987 -2.435 -0.5811
0.14384 0.69852 0.013064 2.0587 0.22406 -1.908 -0.5958
0.14488 0.69857 0.013221 2.0397 0.2181 -1.903 -0.5689
0.14591 0.69861 0.013378 2.0206 0.21241 -1.965 -0.5613
0.14695 0.69866 0.013534 2.001 0.2068 -1.761 -0.5458
0.14797 0.6987 0.013691 1.9834 0.20134 -2.158 -0.5483
0.14897 0.69874 0.013808 1.9618 0.19586 -2.162 -0.5457
0.14997 0.69877 0.013926 1.9402 0.1904 -2.1 -0.5509
0.15096 0.69882 0.014043 1.9192 0.18489 -2.103 -0.5519
0.15194 0.69886 0.014161 1.8982 0.17937 -2.377 -0.5395
0.15291 0.6989 0.014239 1.8744 0.17397 -1.852 -0.5357
0.15387 0.69894 0.014356 1.8559 0.16862 -2.321 -0.5152
0.15482 0.69897 0.014434 1.8326 0.16347 -2.199 -0.5129
0.15575 0.69901 0.014513 1.8107 0.15834 -2.207 -0.4967
0.15668 0.69904 0.014591 1.7886 0.15337 -1.548 -0.4809
0.15759 0.69907 0.014708 1.7731 0.14856 -2.415 -0.4601
0.15849 0.69909 0.014747 1.749 0.14396 -1.962 -0.4647
0.15938 0.69912 0.014826 1.7293 0.13931 -2.305 -0.4474
0.16026 0.69915 0.014865 1.7063 0.13484 -1.785 -0.4491
0.16114 0.69917 0.014943 1.6884 0.13035 -2.123 -0.4105
0.16199 0.69919 0.014982 1.6672 0.12624 -2.069 -0.3999
0.16284 0.69921 0.015021 1.6465 0.12224 -2.015 -0.3816
0.16367 0.69922 0.01506 1.6264 0.11843 -1.958 -0.358
0.1645 0.69924 0.0151 1.6068 0.11485 -2.437 -0.3342
0.16531 0.69924 0.015099 1.5824 0.11151 -1.922 -0.3279
0.16612 0.69925 0.015139 1.5632 0.10823 -2.267 -0.3019
0.16692 0.69926 0.015138 1.5405 0.10521 -2.286 -0.3002
0.16771 0.69927 0.015138 1.5177 0.10221 -2.105 -0.27958
0.16848 0.69928 0.015138 1.4966 0.09941 -2.054 -0.2645
0.16924 0.69929 0.015138 1.4761 0.096765 -1.938 -0.2604
0.16998 0.6993 0.015138 1.4567 0.094161 -1.884 -0.24679
0.17072 0.69931 0.015138 1.4379 0.091693 -1.83 -0.23662
0.17144 0.69932 0.015138 1.4196 0.089327 -1.84 -0.22868
0.17217 0.69932 0.015138 1.4012 0.08704 -2.254 -0.20618
0.17288 0.69933 0.015099 1.3786 0.084978 -1.674 -0.20112
0.17357 0.69934 0.015099 1.3619 0.082967 -2.15 -0.18217
0.17426 0.69934 0.015059 1.3404 0.081146 -2.103 -0.16458
0.17494 0.69934 0.01502 1.3194 0.0795 -1.99 -0.1565
0.17561 0.69934 0.014981 1.2994 0.077935 -2.475 -0.13553
0.17627 0.69934 0.014902 1.2747 0.076579 -2.504 -0.129
0.17692 0.69934 0.014824 1.2497 0.075289 -2.398 -0.11729
0.17756 0.69934 0.014745 1.2257 0.074117 -2.359 -0.10927
0.17819 0.69934 0.014667 1.2021 0.073024 -2.721 -0.08895
0.1788 0.69934 0.014549 1.1749 0.072134 -2.624 -0.08504
0.17941 0.69934 0.014431 1.1486 0.071284 -2.658 -0.07751
0.18 0.69934 0.014313 1.1221 0.070509 -2.09 -0.08008
0.18058 0.69934 0.014235 1.1012 0.069708 -2.512 -0.06282
0.18115 0.69934 0.014117 1.076 0.06908 -2.345 -0.0523
0.1817 0.69934 0.013999 1.0526 0.068557 -2.308 -0.04758
0.18224 0.69934 0.013881 1.0295 0.068081 -2.673 -0.02871
0.18277 0.69934 0.013724 1.0028 0.067794 -1.7045 -0.04914
0.18328 0.69934 0.013646 0.98574 0.067303 -2.6569 -0.02489
0.18379 0.69934 0.013489 0.95917 0.067054 -3.0309 -0.00303
0.18429 0.69934 0.013292 0.92886 0.067023 -2.0061 -0.0228
0.18477 0.69934 0.013174 0.9088 0.066795 -1.961 -0.02247
0.18524 0.69934 0.013057 0.88919 0.066571 -2.8545 0.00517
0.18569 0.69934 0.01286 0.86064 0.066622 -2.2956 0.00182
0.18614 0.69934 0.012703 0.83769 0.066641 -2.259 0.00101
0.18657 0.69934 0.012546 0.8151 0.066651 -2.1552 0.00545
0.18699 0.69934 0.012389 0.79354 0.066705 -1.6462 -0.0058
0.1874 0.69934 0.012271 0.77708 0.066647 -2.4674 0.02198
0.1878 0.69934 0.012075 0.75241 0.066867 -2.5032 0.02831
0.18819 0.69934 0.011879 0.72737 0.06715 -2.0029 0.01317
0.18857 0.69934 0.011722 0.70735 0.067282 -1.8277 0.01658
0.18893 0.69934 0.011565 0.68907 0.067448 -2.3175 0.02964
0.18929 0.69934 0.011368 0.66589 0.067744 -1.8136 0.01911
0.18963 0.69934 0.011211 0.64776 0.067935 -2.1702 0.03227
0.18996 0.69934 0.011015 0.62606 0.068258 -2.1333 0.03795
0.19028 0.69934 0.010818 0.60472 0.068637 -1.6257 0.02325
0.19059 0.69934 0.010661 0.58847 0.06887 -2.0444 0.03311
0.19089 0.69934 0.010465 0.56802 0.069201 -2.0044 0.03826
0.19118 0.69934 0.010269 0.54798 0.069584 -1.5596 0.02079
0.19146 0.69934 0.010112 0.53238 0.069791 -1.44 0.01953
0.19173 0.69934 0.0099546 0.51798 0.069987 -1.8546 0.03512
0.19199 0.69934 0.0097583 0.49944 0.070338 -1.8762 0.03784
0.19225 0.69934 0.0095619 0.48067 0.070716 -1.8973 0.03346
0.1925 0.69934 0.0093656 0.4617 0.071051 -1.3165 0.02186
0.19273 0.69934 0.0092085 0.44854 0.071269 -1.7931 0.02933
0.19296 0.69934 0.0090122 0.43061 0.071563 -1.2102 0.02403
0.19318 0.69934 0.0088551 0.4185 0.071803 -1.6848 0.03127
0.19339 0.69934 0.0086588 0.40165 0.072116 -1.2314 0.02031
0.19359 0.69934 0.0085017 0.38934 0.072319 -1.1035 0.01845
0.19379 0.69934 0.0083447 0.37831 0.072503 -1.1717 0.01612
0.19398 0.69934 0.0081876 0.36659 0.072665 -1.5777 0.02848
0.19415 0.69934 0.0079913 0.35081 0.072949 -1.1212 0.0197
0.19433 0.69934 0.0078342 0.3396 0.073146 -1.056 0.01496
0.1945 0.69934 0.0076771 0.32904 0.073296 -1.0556 0.01468
0.19465 0.69934 0.0075201 0.31848 0.073443 -1.0547 0.01329
0.19481 0.69934 0.007363 0.30794 0.073576 -1.0533 0.01203
0.19496 0.69934 0.007206 0.2974 0.073696 -1.0513 0.01086
0.19511 0.69934 0.0070489 0.28689 0.073805 -1.0488 0.00981
0.19525 0.69934 0.0068918 0.2764 0.073903 -1.0458 0.00885
0.19538 0.69934 0.0067348 0.26594 0.073991 -1.5119 0.01941
0.19551 0.69934 0.0065384 0.25083 0.074185 -1.0501 0.01143
0.19564 0.69934 0.0063814 0.24033 0.0743 -1.0456 0.00467
0.19576 0.69934 0.0062243 0.22987 0.074346 -1.0404 0.00414
0.19587 0.69934 0.0060672 0.21946 0.074388 -1.0347 0.00367
0.19598 0.69934 0.0059102 0.20912 0.074424 -1.4983 0.01398
0.19609 0.69934 0.0057138 0.19414 0.074564 -1.5036 0.01857
0.19618 0.69934 0.0055175 0.1791 0.07475 -0.5689 -0.00613
0.19628 0.69934 0.0053997 0.17341 0.074689 -1.4227 0.00602
0.19637 0.69934 0.0052034 0.15918 0.074749 -1.0221 0.0061
0.19645 0.69934 0.0050463 0.14896 0.07481 -1.0132 -0.00144
0.19653 0.69934 0.0048892 0.13883 0.074795 -0.938 0.00075
0.1966 0.69934 0.0047322 0.12945 0.074803 -0.9935 -0.0003
0.19667 0.69934 0.0045751 0.11951 0.0748 -1.3868 0.01022
0.19673 0.69934 0.0043788 0.10565 0.074902 -0.9178 0.00646
0.19678 0.69934 0.0042217 0.096469 0.074967 -0.90576 -0.00011
0.19684 0.69934 0.0040647 0.087411 0.074966 -0.89324 -0.00013
0.19688 0.69934 0.0039076 0.078479 0.074964 -0.8802 -0.00012
0.19692 0.69934 0.0037505 0.069677 0.074963 -0.80074 0.00192
0.19695 0.69934 0.0035935 0.06167 0.074982 -0.38231 -0.00818
0.19698 0.69934 0.0034757 0.057847 0.0749 -0.75948 -0.00342
0.197 0.69934 0.0033186 0.050252 0.074866 -0.20822 -0.00231
0.19701 0.69934 0.0032008 0.048169 0.074843 -0.8468 -0.00318
0.19703 0.69934 0.0030437 0.039702 0.074811 -0.36143 -0.00926
0.19704 0.69934 0.0029259 0.036087 0.074719 -0.86877 -0.00736
0.19706 0.69934 0.0027689 0.0274 0.074645 -0.31699 -0.0084
0.19706 0.69934 0.0026511 0.02423 0.074561 -0.35359 -0.01324
0.19707 0.69934 0.0025333 0.020694 0.074429 -0.39019 -0.01443
0.19708 0.69934 0.0024155 0.016792 0.074285 -0.3609 -0.01388
0.19708 0.69934 0.0022977 0.013183 0.074146 -0.39697 -0.01382
0.19708 0.69934 0.0021799 0.0092131 0.074008 -0.43304 -0.01488
0.19708 0.69934 0.0020621 0.0048826 0.073859 -0.46912 -0.01585
0.19708 0.69934 0.0019443 0.00019147 0.0737 -0.57107 -0.01819
0.19708 0.69934 0.0018265 -0.0055192 0.073518 -0.54178 -0.01848
0.19708 0.69934 0.0017087 -0.010937 0.073333 -0.57786 -0.01802
0.19708 0.69934 0.0015909 -0.016716 0.073153 -0.61392 -0.01862
0.19708 0.69934 0.0014731 -0.022855 0.072967 -0.65 -0.01914
0.19708 0.69934 0.0013553 -0.029355 0.072776 -0.21637 -0.02517
0.19708 0.69934 0.0012768 -0.031518 0.072524 -0.71012 -0.02368
0.19708 0.69934 0.0011589 -0.03862 0.072287 -0.74618 -0.01913
0.19708 0.69934 0.0010412 -0.046081 0.072096 -0.31257 -0.02451
0.19708 0.69934 0.00096262 -0.049207 0.071851 -0.8063 -0.02328
0.19708 0.69934 0.00084482 -0.05727 0.071618 -0.84238 -0.01893
0.19708 0.69934 0.00072702 -0.065694 0.071429 -0.87845 -0.01919
0.19708 0.69934 0.00060922 -0.074479 0.071237 -0.44482 -0.02367
0.19708 0.69934 0.00053069 -0.078927 0.071 -0.93856 -0.02281
0.19708 0.69934 0.00041289 -0.088312 0.070772 -0.50494 -0.02262
0.19708 0.69934 0.00033436 -0.093362 0.070546 -0.52899 -0.02493
0.19708 0.69934 0.00025582 -0.098652 0.070296 -1.0227 -0.02115
0.19708 0.69934 0.00013803 -0.10888 0.070085 -0.5232 -0.01997
0.19708 0.69934 5.9493e-05 -0.11411 0.069885 -0.5468 -0.02171
0.19707 0.69934 -1.9039e-05 -0.11958 0.069668 -0.6361 -0.02152
0.19707 0.69934 -9.7572e-05 -0.12594 0.069453 -0.5943 -0.02082
0.19706 0.69934 -0.0001761 -0.13188 0.069245 -0.1481 -0.0217
0.19706 0.69934 -0.00021537 -0.13336 0.069028 -0.6294 -0.02108
0.19706 0.69934 -0.0002939 -0.13966 0.068817 -0.6528 -0.01754
0.19705 0.69934 -0.00037244 -0.14619 0.068642 -0.6105 -0.01656
0.19704 0.69934 -0.00045097 -0.15229 0.068476 -0.2296 -0.01785
0.19703 0.69934 -0.00049023 -0.15459 0.068297 -0.645 -0.0179
0.19703 0.69934 -0.00056877 -0.16104 0.068118 -0.1983 -0.01574
0.19701 0.69934 -0.00060803 -0.16302 0.067961 -0.1433 -0.01651
0.197 0.69934 -0.0006473 -0.16445 0.067796 -0.0879 -0.01494
0.19698 0.69934 -0.00068657 -0.16533 0.067647 -0.032 -0.01344
0.19695 0.69934 -0.00072583 -0.16565 0.067512 0.0246 -0.01197
0.19692 0.69934 -0.0007651 -0.16541 0.067392 0.5513 -0.01186
0.19689 0.69934 -0.0007651 -0.15989 0.067274 0.217 -0.01145
0.19684 0.69934 -0.00080436 -0.15772 0.067159 0.6794 -0.00838
0.1968 0.69934 -0.00080436 -0.15093 0.067076 0.7501 -0.00973
0.19675 0.69934 -0.00080436 -0.14343 0.066978 0.6895 -0.00875
0.1967 0.69934 -0.00080436 -0.13653 0.066891 0.7601 -0.00837
0.19665 0.69934 -0.00080436 -0.12893 0.066807 0.6995 -0.00749
0.19661 0.69934 -0.00080436 -0.12194 0.066732 0.7042 -0.00744
0.19656 0.69934 -0.00080436 -0.11489 0.066658 0.709 -0.00689
0.19652 0.69934 -0.00080436 -0.1078 0.066589 0.6478 -0.00663
0.19648 0.69934 -0.00080436 -0.10133 0.066523 0.58622 -0.00682
0.19645 0.69934 -0.00080436 -0.095465 0.066454 0.58988 -0.00677
0.19641 0.69934 -0.00080436 -0.089566 0.066387 0.59357 -0.00629
0.19637 0.69934 -0.00080436 -0.08363 0.066324 0.53139 -0.00601
0.19634 0.69934 -0.00080436 -0.078316 0.066264 0.53455 -0.00599
0.19631 0.69934 -0.00080436 -0.072971 0.066204 0.47184 -0.0057
0.19629 0.69934 -0.00080436 -0.068252 0.066147 0.94417 -0.00607
0.19626 0.69934 -0.0007651 -0.058811 0.066086 0.42326 -0.00668
0.19625 0.69934 -0.0007651 -0.054578 0.066019 0.82918 -0.00544
0.19623 0.69934 -0.00072583 -0.046286 0.065965 0.37309 -0.00629
0.19622 0.69934 -0.00072583 -0.042556 0.065902 0.84438 -0.00469
0.1962 0.69934 -0.00068657 -0.034112 0.065855 0.25651 -0.0052
0.1962 0.69934 -0.00068657 -0.031547 0.065803 0.72675 -0.00419
0.19619 0.69934 -0.0006473 -0.024279 0.065761 0.26959 -0.00497
0.19618 0.69934 -0.0006473 -0.021583 0.065712 0.20425 -0.00357
0.19618 0.69934 -0.0006473 -0.019541 0.065676 0.73982 -0.00337
0.19618 0.69934 -0.00060803 -0.012143 0.065642 0.21679 -0.00392
0.19618 0.69934 -0.00060803 -0.0099746 0.065603 0.6865 -0.00281
0.19618 0.69934 -0.00056877 -0.0031096 0.065575 0.22881 -0.00361
0.19618 0.69934 -0.00056877 -0.00082148 0.065539 0.69852 -0.00236
0.19618 0.69934 -0.0005295 0.0061637 0.065515 0.71054 -0.00231
0.19618 0.69934 -0.00049023 0.013269 0.065492 0.25286 -0.00291
0.19618 0.69934 -0.00049023 0.015798 0.065463 0.72256 -0.00177
0.19618 0.69934 -0.00045097 0.023023 0.065445 0.73459 -0.00183
0.19618 0.69934 -0.0004117 0.030369 0.065427 0.2769 -0.00231
0.19618 0.69934 -0.0004117 0.033138 0.065404 0.74661 -0.00128
0.19618 0.69934 -0.00037244 0.040604 0.065391 0.75863 -0.00143
0.19618 0.69934 -0.00033317 0.048191 0.065377 0.77065 -0.00131
0.19618 0.69934 -0.0002939 0.055897 0.065364 0.78268 -0.00119
0.19618 0.69934 -0.00025464 0.063724 0.065352 0.7947 -0.00109
0.19618 0.69934 -0.00021537 0.071671 0.065341 0.80672 -0.00097
0.19618 0.69934 -0.0001761 0.079738 0.065331 0.81874 -0.00087
0.19618 0.69934 -0.00013684 0.087926 0.065322 0.83076 -0.00076
0.19618 0.69934 -9.7572e-05 0.096233 0.065315 0.84279 -0.00067
0.19618 0.69934 -5.8306e-05 0.10466 0.065308 0.8548 -0.00056
0.19618 0.69934 -1.9039e-05 0.11321 0.065302 0.8668 -0.00048
0.19618 0.69934 2.0227e-05 0.12188 0.065298 1.3486 -0.00052
0.19618 0.69934 9.8759e-05 0.13536 0.065293 0.837 -0.00077
0.19618 0.69934 0.00013803 0.14373 0.065285 0.8485 -0.00028
0.19619 0.69934 0.00017729 0.15222 0.065282 0.86 -0.00021
0.1962 0.69934 0.00021656 0.16082 0.06528 1.3413 -0.00045
0.1962 0.69934 0.00029509 0.17423 0.065275 0.895 -0.00063
0.1962 0.69934 0.00033436 0.18318 0.065269 0.7747 -9e-05
0.19622 0.69934 0.00037362 0.19093 0.065268 0.917 -0.0001
0.19623 0.69934 0.00041289 0.2001 0.065267 1.2664 -0.00064
0.19624 0.69934 0.00049142 0.21276 0.065261 0.7533 -0.00037
0.19626 0.69934 0.00053069 0.22029 0.065257 0.7632 -0.00012
0.19628 0.69934 0.00056995 0.22793 0.065256 0.5095 -0.00042
0.19632 0.69934 0.00060922 0.23302 0.065252 0.4516 3e-05
0.19637 0.69934 0.00064849 0.23754 0.065252 -0.1427 -0.00012
0.19642 0.69934 0.00064849 0.23611 0.065251 0.1236 -0.00025
0.19649 0.69934 0.00068775 0.23735 0.065248 -0.4074 0.00124
0.19656 0.69934 0.00068775 0.23327 0.065261 -0.547 0.00079
0.19665 0.69934 0.00068775 0.2278 0.065269 -0.556 0.00137
0.19673 0.69934 0.00068775 0.22224 0.065282 -0.565 0.00136
0.19682 0.69934 0.00068775 0.21659 0.065296 -0.5739 0.00134
0.1969 0.69934 0.00068775 0.21085 0.065309 -0.5829 0.00133
0.19699 0.69934 0.00068775 0.20503 0.065323 -0.526 0.00107
0.19707 0.69934 0.00068775 0.19976 0.065333 -0.5344 0.00078
0.19715 0.69934 0.00068775 0.19442 0.065341 -0.5429 0.0008
0.19723 0.69934 0.00068775 0.18899 0.065349 -0.5513 0.00081
0.19731 0.69934 0.00068775 0.18348 0.065357 -0.4938 0.0006
0.19739 0.69934 0.00068775 0.17854 0.065363 -0.5018 0.00035
0.19746 0.69934 0.00068775 0.17352 0.065367 -0.5097 0.00038
0.19753 0.69934 0.00068775 0.16843 0.06537 -0.5175 0.00041
0.19761 0.69934 0.00068775 0.16325 0.065375 -0.4597 0.00024
0.19768 0.69934 0.00068775 0.15865 0.065377 -0.5329 0.00019
0.19775 0.69934 0.00068775 0.15332 0.065379 -0.409 0.00011
0.19782 0.69934 0.00068775 0.14924 0.06538 -0.4818 -0.00016
0.19789 0.69934 0.00068775 0.14442 0.065378 -0.4891 0.00016
0.19796 0.69934 0.00068775 0.13953 0.06538 -0.2989 -0.00035
0.19801 0.69934 0.00068775 0.13654 0.065377 -0.4365 -0.00066
0.19808 0.69934 0.00068775 0.13217 0.06537 -0.3774 -0.00023
0.19814 0.69934 0.00068775 0.1284 0.065368 -0.3838 -0.00039
0.1982 0.69934 0.00068775 0.12456 0.065364 -0.3901 -0.00034
0.19826 0.69934 0.00068775 0.12066 0.06536 -0.3306 -0.0004
0.19831 0.69934 0.00068775 0.11735 0.065356 -0.2704 -0.00063
0.19837 0.69934 0.00068775 0.11465 0.06535 -0.2758 -0.00071
0.19842 0.69934 0.00068775 0.11189 0.065343 -0.2151 -0.0007
0.19846 0.69934 0.00068775 0.10974 0.065336 -0.2199 -0.00077
0.1985 0.69934 0.00068775 0.10754 0.065328 -0.2247 -0.0007
0.19855 0.69934 0.00068775 0.10529 0.065321 -0.2293 -0.00065
0.19859 0.69934 0.00068775 0.103 0.065315 -0.2342 -0.0006
0.19864 0.69934 0.00068775 0.10066 0.065309 -0.23885 -0.00055
0.19869 0.69934 0.00068775 0.09827 0.065303 -0.24363 -0.0005
0.19873 0.69934 0.00068775 0.095834 0.065298 -0.18249 -0.00049
0.19877 0.69934 0.00068775 0.094009 0.065293 -0.25259 -0.00056
0.19881 0.69934 0.00068775 0.091483 0.065288 -0.19146 -0.0004
0.19886 0.69934 0.00068775 0.089569 0.065284 -0.26155 -0.00049
0.1989 0.69934 0.00068775 0.086953 0.065279 -0.20043 -0.00032
0.19894 0.69934 0.00068775 0.084949 0.065276 -0.20464 -0.00042
0.19898 0.69934 0.00068775 0.082903 0.065271 -0.14299 -0.00038
0.19901 0.69934 0.00068775 0.081473 0.065268 -0.14667 -0.00044
0.19905 0.69934 0.00068775 0.080006 0.065263 0.31933 -0.00059
0.19909 0.69934 0.00072702 0.083199 0.065257 -0.14203 -5e-05
0.19912 0.69934 0.00072702 0.081779 0.065257 -0.21161 -0.00045
0.19916 0.69934 0.00072702 0.079663 0.065252 -0.08407 -0.00028
0.19919 0.69934 0.00072702 0.078822 0.06525 0.31659 -0.00085
0.19923 0.69934 0.00076629 0.081988 0.065241 -0.14479 4e-05
0.19926 0.69934 0.00076629 0.08054 0.065241 -0.21435 -0.00039
0.1993 0.69934 0.00076629 0.078397 0.065238 0.38289 -0.00029
0.19933 0.69934 0.00080555 0.082226 0.065235 -0.07796 -0.00013
0.19936 0.69934 0.00080555 0.081446 0.065233 -0.08112 -0.00031
0.19939 0.69934 0.00080555 0.080635 0.06523 0.38542 -0.0008
0.19942 0.69934 0.00084482 0.084489 0.065222 -0.00955 -0.00014
0.19945 0.69934 0.00084482 0.084393 0.065221 -0.07807 -0.00032
0.19948 0.69934 0.00084482 0.083613 0.065218 0.38848 -0.00079
0.1995 0.69934 0.00088408 0.087498 0.06521 -0.20414 9e-05
0.19955 0.69934 0.00088408 0.085456 0.065211 -0.20835 -0.00021
0.19959 0.69934 0.00088408 0.083373 0.065209 0.19126 -0.00046
0.19963 0.69934 0.00092335 0.085285 0.065204 -0.27117 0.00067
0.19967 0.69934 0.00092335 0.082574 0.065211 -0.27592 -0.00013
0.19972 0.69934 0.00092335 0.079814 0.065209 -0.21479 -0.00011
0.19976 0.69934 0.00092335 0.077666 0.065208 0.18482 -0.00054
0.19981 0.69934 0.00096262 0.079515 0.065203 -0.21173 0.00049
0.19984 0.69934 0.00096262 0.077397 0.065208 -0.21596 -0.00031
0.19989 0.69934 0.00096262 0.075238 0.065205 -0.22017 -0.00028
0.19992 0.69934 0.00096262 0.073036 0.065202 -0.22439 -0.00026
0.19997 0.69934 0.00096262 0.070792 0.065199 -0.22861 -0.00024
0.2 0.69934 0.00096262 0.068506 0.065197 -0.16695 -0.00018
0.20004 0.69934 0.00096262 0.066837 0.065195 -0.17064 -0.00029
0.20008 0.69934 0.00096262 0.06513 0.065192 0.29537 -0.00069
0.20011 0.69934 0.0010019 0.068084 0.065185 -0.166 0.00024
0.20014 0.69934 0.0010019 0.066424 0.065188 -0.1697 -0.0003
0.20018 0.69934 0.0010019 0.064727 0.065185 -0.10751 -0.00019
0.20021 0.69934 0.0010019 0.063652 0.065183 -0.17655 -0.0004
0.20025 0.69934 0.0010019 0.061886 0.065179 -0.18025 -0.00024
0.20028 0.69934 0.0010019 0.060084 0.065176 -0.05217 -6e-05
0.20031 0.69934 0.0010019 0.059562 0.065176 -0.05482 -0.00017
0.20033 0.69934 0.0010019 0.059014 0.065174 -0.12333 -0.00034
0.20036 0.69934 0.0010019 0.057781 0.065171 -0.06062 -9e-05
0.20039 0.69934 0.0010019 0.057174 0.06517 -0.06325 -0.00016
0.20041 0.69934 0.0010019 0.056542 0.065168 -0.13177 -0.00032
0.20044 0.69934 0.0010019 0.055224 0.065165 -0.06906 -7e-05
0.20047 0.69934 0.0010019 0.054534 0.065164 -0.07169 -0.00015
0.20049 0.69934 0.0010019 0.053817 0.065163 0.32949 -0.00105
0.20052 0.69934 0.0010412 0.057112 0.065152 -0.06547 0.00023
0.20055 0.69934 0.0010412 0.056457 0.065155 -0.19987 -0.00047
0.20058 0.69934 0.0010412 0.054458 0.06515 -0.00592 0.00013
0.2006 0.69934 0.0010412 0.054399 0.065151 -0.00803 1e-05
0.20062 0.69934 0.0010412 0.054319 0.065151 -0.07602 -0.00021
0.20064 0.69934 0.0010412 0.053559 0.065149 -0.07866 -0.00012
0.20067 0.69934 0.0010412 0.052772 0.065148 -0.14718 -0.00028
0.2007 0.69934 0.0010412 0.0513 0.065145 -0.08446 -3e-05
0.20072 0.69934 0.0010412 0.050456 0.065145 -0.02122 4e-05
0.20075 0.69934 0.0010412 0.050243 0.065145 -0.0892 -0.00021
0.20077 0.69934 0.0010412 0.049351 0.065143 -0.09185 -0.00012
0.2008 0.69934 0.0010412 0.048433 0.065142 -0.09448 -0.00011
0.20082 0.69934 0.0010412 0.047488 0.065141 -0.03124 3e-05
0.20084 0.69934 0.0010412 0.047176 0.065141 -0.03335 -2e-05
0.20086 0.69934 0.0010412 0.046842 0.065141 -0.03545 -4e-05
0.20088 0.69934 0.0010412 0.046488 0.065141 -0.10345 -0.00023
0.20091 0.69934 0.0010412 0.045453 0.065138 -0.04021 3e-05
0.20092 0.69934 0.0010412 0.045051 0.065139 -0.04231 -4e-05
0.20095 0.69934 0.0010412 0.044628 0.065138 -0.04443 -5e-05
0.20097 0.69934 0.0010412 0.044184 0.065138 -0.04653 -5e-05
0.20098 0.69934 0.0010412 0.043718 0.065137 0.01723 0.00013
0.201 0.69934 0.0010412 0.043891 0.065138 -0.05023 -0.00014
0.20102 0.69934 0.0010412 0.043388 0.065137 -0.05233 -7e-05
0.20104 0.69934 0.0010412 0.042865 0.065136 -0.05445 -7e-05
0.20106 0.69934 0.0010412 0.04232 0.065136 -0.05655 -7e-05
0.20108 0.69934 0.0010412 0.041755 0.065135 -0.05867 -7e-05
0.2011 0.69934 0.0010412 0.041168 0.065134 0.07098 0.00028
0.20111 0.69934 0.0010412 0.041878 0.065137 -0.06183 -0.00026
0.20113 0.69934 0.0010412 0.04126 0.065134 0.00194 9e-05
0.20114 0.69934 0.0010412 0.041279 0.065135 -0.46935 0.00105
0.20116 0.69934 0.0010019 0.036586 0.065146 -0.07913 -0.00058
0.20118 0.69934 0.0010019 0.035794 0.06514 -0.01535 5e-05
0.2012 0.69934 0.0010019 0.035641 0.065141 -0.01694 -2e-05
0.20121 0.69934 0.0010019 0.035472 0.06514 -0.0844 -0.00022
0.20123 0.69934 0.0010019 0.034627 0.065138 -0.49034 0.00079
0.20125 0.69934 0.00096262 0.029724 0.065146 -0.03424 -0.00028
0.20126 0.69934 0.00096262 0.029382 0.065143 -0.1017 -0.00022
0.20128 0.69934 0.00096262 0.028365 0.065141 0.02795 0.00016
0.20129 0.69934 0.00096262 0.028644 0.065143 -0.44281 0.00112
0.2013 0.69934 0.00092335 0.024216 0.065154 0.01382 -7e-05
0.20131 0.69934 0.00092335 0.024354 0.065153 0.01276 1e-05
0.20132 0.69934 0.00092335 0.024482 0.065153 0.01171 2e-05
0.20133 0.69934 0.00092335 0.024599 0.065153 -0.45905 0.00094
0.20134 0.69934 0.00088408 0.020008 0.065163 0.06346 0.00018
0.20134 0.69934 0.00088408 0.020643 0.065165 -0.06883 -0.00034
0.20136 0.69934 0.00088408 0.019955 0.065161 0.12722 0.00028
0.20136 0.69934 0.00088408 0.021227 0.065164 -0.40836 0.00132
0.20136 0.69934 0.00084482 0.017143 0.065177 0.0488 1e-05
0.20137 0.69934 0.00084482 0.017631 0.065177 0.11414 0.00021
0.20137 0.69934 0.00084482 0.018773 0.065179 -0.01761 -0.00028
0.20138 0.69934 0.00084482 0.018597 0.065177 0.1131 0.00018
0.20138 0.69934 0.00084482 0.019728 0.065178 0.11309 0.00022
0.20138 0.69934 0.00084482 0.020859 0.065181 0.11309 0.0002
0.20138 0.69934 0.00084482 0.021989 0.065183 -0.42249 0.0011
0.20139 0.69934 0.00080555 0.017765 0.065194 0.10054 0.00022
0.20139 0.69934 0.00080555 0.01877 0.065196 0.03467 -0.00016
0.20139 0.69934 0.00080555 0.019117 0.065194 -0.03175 -0.00032
0.2014 0.69934 0.00080555 0.018799 0.065191 0.09896 6e-05
0.2014 0.69934 0.00080555 0.019789 0.065192 0.03309 -0.00014
0.20141 0.69934 0.00080555 0.02012 0.06519 -0.43716 0.00078
0.20141 0.69934 0.00076629 0.015748 0.065198 -0.04587 -0.0006
0.20142 0.69934 0.00076629 0.015289 0.065192 0.01895 -0.0001
0.20142 0.69934 0.00076629 0.015479 0.065191 -0.11334 -0.00047
0.20144 0.69934 0.00076629 0.014346 0.065186 0.08272 5e-05
0.20144 0.69934 0.00076629 0.015173 0.065187 -0.6505 0.00023
0.20146 0.69934 0.00072702 0.0086677 0.065189 0.002707 -0.00013
0.20147 0.69934 0.00072702 0.0086947 0.065188 0.002181 -0.00011
0.20147 0.69934 0.00072702 0.0087166 0.065187 -0.064226 -0.00027
0.20148 0.69934 0.00072702 0.0080743 0.065184 0.000598 -5e-05
0.20148 0.69934 0.00072702 0.0080803 0.065184 -0.46964 0.00065
0.20149 0.69934 0.00068775 0.0033839 0.06519 0.0534 3e-05
0.20149 0.69934 0.00068775 0.0039179 0.06519 -0.078358 -0.00036
0.2015 0.69934 0.00068775 0.0031343 0.065187 0.052345 4e-05
0.2015 0.69934 0.00068775 0.0036578 0.065187 0.052346 2e-05
0.2015 0.69934 0.00068775 0.0041813 0.065187 0.052345 2e-05
0.2015 0.69934 0.00068775 0.0047047 0.065187 0.052345 2e-05
0.2015 0.69934 0.00068775 0.0052281 0.065188 -0.41736 0.00086
0.2015 0.69934 0.00064849 0.0010545 0.065196 0.040323 -7e-05
0.2015 0.69934 0.00064849 0.0014578 0.065196 0.040323 -4e-05
0.2015 0.69934 0.00064849 0.001861 0.065195 0.040322 -4e-05
0.2015 0.69934 0.00064849 0.0022642 0.065195 0.040323 -4e-05
0.2015 0.69934 0.00064849 0.0026674 0.065194 0.040323 -4e-05
0.2015 0.69934 0.00064849 0.0030707 0.065194 -0.025556 -0.00019
0.2015 0.69934 0.00064849 0.0028151 0.065192 0.039795 -1e-05
0.2015 0.69934 0.00064849 0.0032131 0.065192 0.039795 -2e-05
0.2015 0.69934 0.00064849 0.003611 0.065192 0.039796 -2e-05
0.2015 0.69934 0.00064849 0.004009 0.065192 0.039795 -2e-05
0.2015 0.69934 0.00064849 0.0044069 0.065191 0.039795 -1e-05
0.2015 0.69934 0.00064849 0.0048049 0.065191 0.039795 -2e-05
0.2015 0.69934 0.00064849 0.0052028 0.065191 0.039796 -1e-05
0.2015 0.69934 0.00064849 0.0056008 0.065191 0.039795 -2e-05
0.2015 0.69934 0.00064849 0.0059987 0.065191 0.039795 -1e-05
0.2015 0.69934 0.00064849 0.0063967 0.065191 -0.026083 -0.00018
0.20151 0.69934 0.00064849 0.0061358 0.065189 -0.43044 0.00061
0.20151 0.69934 0.00060922 0.0018315 0.065195 0.027245 -0.0001
0.20151 0.69934 0.00060922 0.0021039 0.065194 0.027246 -4e-05
0.20151 0.69934 0.00060922 0.0023764 0.065194 0.027245 -4e-05
0.20151 0.69934 0.00060922 0.0026488 0.065193 0.027246 -3e-05
0.20151 0.69934 0.00060922 0.0029213 0.065193 0.027245 -3e-05
0.20151 0.69934 0.00060922 0.0031937 0.065193 0.027246 -3e-05
0.20151 0.69934 0.00060922 0.0034662 0.065192 0.027245 -3e-05
0.20151 0.69934 0.00060922 0.0037386 0.065192 0.027246 -2e-05
0.20151 0.69934 0.00060922 0.0040111 0.065192 0.027245 -2e-05
0.20151 0.69934 0.00060922 0.0042835 0.065192 0.027246 -3e-05
0.20151 0.69934 0.00060922 0.004556 0.065191 -0.038634 -0.00017
0.20151 0.69934 0.00060922 0.0041697 0.06519 0.026718 2e-05
0.20151 0.69934 0.00060922 0.0044368 0.06519 0.026718 -1e-05
0.20151 0.69934 0.00060922 0.004704 0.06519 0.026718 -1e-05
0.20151 0.69934 0.00060922 0.0049712 0.06519 0.026718 -1e-05
0.20151 0.69934 0.00060922 0.0052384 0.065189 0.026718 -1e-05
0.20151 0.69934 0.00060922 0.0055056 0.065189 0.026718 -1e-05
0.20151 0.69934 0.00060922 0.0057728 0.065189 0.026718 -1e-05
0.20151 0.69934 0.00060922 0.0060399 0.065189 -0.039161 -0.00016
0.20152 0.69934 0.00060922 0.0056483 0.065188 0.026191 3e-05
0.20152 0.69934 0.00060922 0.0059102 0.065188 0.02619 0
0.20152 0.69934 0.00060922 0.0061721 0.065188 0.026191 0
0.20152 0.69934 0.00060922 0.006434 0.065188 0.026191 0
0.20152 0.69934 0.00060922 0.0066959 0.065188 0.02619 0
0.20152 0.69934 0.00060922 0.0069578 0.065188 -0.039688 -0.00015
0.20153 0.69934 0.00060922 0.006561 0.065186 0.025663 3e-05
0.20153 0.69934 0.00060922 0.0068176 0.065187 0.025663 1e-05
0.20153 0.69934 0.00060922 0.0070742 0.065187 0.025663 0
0.20153 0.69934 0.00060922 0.0073309 0.065187 -0.040216 -0.00014
0.20153 0.69934 0.00060922 0.0069287 0.065185 0.025136 4e-05
0.20153 0.69934 0.00060922 0.0071801 0.065186 -0.040743 -0.00014
0.20153 0.69934 0.00060922 0.0067726 0.065184 0.024608 4e-05
0.20153 0.69934 0.00060922 0.0070187 0.065185 -0.041271 -0.00013
0.20154 0.69934 0.00060922 0.006606 0.065184 0.024081 5e-05
0.20154 0.69934 0.00060922 0.0068468 0.065184 -0.041798 -0.00013
0.20155 0.69934 0.00060922 0.0064288 0.065183 0.023554 5e-05
0.20155 0.69934 0.00060922 0.0066644 0.065183 -0.042326 -0.00012
0.20155 0.69934 0.00060922 0.0062411 0.065182 0.023026 6e-05
0.20155 0.69934 0.00060922 0.0064714 0.065183 -0.042853 -0.00013
0.20156 0.69934 0.00060922 0.0060428 0.065181 -0.04338 -4e-05
0.20156 0.69934 0.00060922 0.005609 0.065181 0.021971 6e-05
0.20156 0.69934 0.00060922 0.0058287 0.065182 -0.043908 -0.00012
0.20156 0.69934 0.00060922 0.0053897 0.06518 -0.044435 -4e-05
0.20157 0.69934 0.00060922 0.0049453 0.06518 0.020916 7e-05
0.20157 0.69934 0.00060922 0.0051545 0.065181 0.42474 -0.0008
0.20158 0.69934 0.00064849 0.0094019 0.065173 0.032411 0.00015
0.20158 0.69934 0.00064849 0.009726 0.065174 -0.033467 -9e-05
0.20158 0.69934 0.00064849 0.0093914 0.065173 -0.033996 -2e-05
0.20158 0.69934 0.00064849 0.0090514 0.065173 0.031357 0.0001
0.20158 0.69934 0.00064849 0.009365 0.065174 -0.034523 -8e-05
0.20159 0.69934 0.00064849 0.0090197 0.065173 -0.10093 -0.00014
0.2016 0.69934 0.00064849 0.0080105 0.065172 0.029774 0.00012
0.2016 0.69934 0.00064849 0.0083082 0.065173 -0.036105 -8e-05
0.20161 0.69934 0.00064849 0.0079471 0.065172 -0.036632 -2e-05
0.20161 0.69934 0.00064849 0.0075808 0.065172 0.028719 0.0001
0.20161 0.69934 0.00064849 0.007868 0.065173 -0.10304 -0.00025
0.20162 0.69934 0.00064849 0.0068376 0.065171 0.027664 0.00014
0.20162 0.69934 0.00064849 0.0071143 0.065172 0.027664 7e-05
0.20162 0.69934 0.00064849 0.0073909 0.065173 -0.038214 -9e-05
0.20162 0.69934 0.00064849 0.0070088 0.065172 -0.038742 -2e-05
0.20163 0.69934 0.00064849 0.0066213 0.065171 0.36456 -0.0007
0.20164 0.69934 0.00068775 0.010267 0.065165 0.03758 0.0002
0.20164 0.69934 0.00068775 0.010643 0.065167 0.03758 0.00011
0.20164 0.69934 0.00068775 0.011019 0.065168 -0.0283 -8e-05
0.20164 0.69934 0.00068775 0.010736 0.065167 -0.02883 -1e-05
0.20165 0.69934 0.00068775 0.010447 0.065167 0.16828 0.00038
0.20164 0.69934 0.00068775 0.01213 0.065171 -0.02831 -0.00022
0.20164 0.69934 0.00068775 0.011847 0.065168 -0.02883 -2e-05
0.20165 0.69934 0.00068775 0.011559 0.065168 -0.09523 -0.00015
0.20166 0.69934 0.00068775 0.010606 0.065167 -0.03041 5e-05
0.20167 0.69934 0.00068775 0.010302 0.065167 -0.030942 -2e-05
0.20167 0.69934 0.00068775 0.0099928 0.065167 -0.097345 -0.00015
0.20168 0.69934 0.00068775 0.0090193 0.065165 -0.032522 6e-05
0.20169 0.69934 0.00068775 0.0086941 0.065166 -0.033049 -2e-05
0.20169 0.69934 0.00068775 0.0083636 0.065166 -0.033576 -1e-05
0.2017 0.69934 0.00068775 0.0080279 0.065166 -0.034103 -2e-05
0.2017 0.69934 0.00068775 0.0076868 0.065166 0.031247 0.00012
0.2017 0.69934 0.00068775 0.0079993 0.065167 -0.034631 -9e-05
0.2017 0.69934 0.00068775 0.007653 0.065166 -0.035158 -2e-05
0.20171 0.69934 0.00068775 0.0073014 0.065166 0.030193 0.00011
0.20171 0.69934 0.00068775 0.0076033 0.065167 0.030193 7e-05
0.20171 0.69934 0.00068775 0.0079053 0.065167 -0.035686 -9e-05
0.20172 0.69934 0.00068775 0.0075484 0.065167 0.49937 -0.00051
0.20172 0.69934 0.00072702 0.012542 0.065161 0.04169 0.00014
0.20172 0.69934 0.00072702 0.012959 0.065163 0.04169 0.00011
0.20172 0.69934 0.00072702 0.013376 0.065164 0.04169 9e-05
0.20172 0.69934 0.00072702 0.013793 0.065165 -0.02419 -9e-05
0.20172 0.69934 0.00072702 0.013551 0.065164 0.04116 0.00011
0.20172 0.69934 0.00072702 0.013962 0.065165 0.04116 8e-05
0.20172 0.69934 0.00072702 0.014374 0.065166 -0.02472 -0.0001
0.20172 0.69934 0.00072702 0.014127 0.065165 0.04063 0.00011
0.20172 0.69934 0.00072702 0.014533 0.065166 0.04063 7e-05
0.20172 0.69934 0.00072702 0.014939 0.065167 -0.02524 -0.00011
0.20173 0.69934 0.00072702 0.014687 0.065166 0.0401 0.0001
0.20173 0.69934 0.00072702 0.015088 0.065167 -0.02577 -0.00011
0.20173 0.69934 0.00072702 0.01483 0.065165 0.03958 0.0001
0.20173 0.69934 0.00072702 0.015226 0.065166 -0.0263 -0.00011
0.20174 0.69934 0.00072702 0.014963 0.065165 0.03905 9e-05
0.20174 0.69934 0.00072702 0.015354 0.065166 -0.02683 -0.00011
0.20175 0.69934 0.00072702 0.015085 0.065165 -0.02735 -4e-05
0.20175 0.69934 0.00072702 0.014812 0.065165 -0.09377 -0.00019
0.20176 0.69934 0.00072702 0.013874 0.065163 0.03694 0.00013
0.20176 0.69934 0.00072702 0.014244 0.065164 -0.02893 -0.0001
0.20176 0.69934 0.00072702 0.013954 0.065163 -0.16123 -0.00032
0.20178 0.69934 0.00072702 0.012342 0.06516 0.03484 0.00018
0.20178 0.69934 0.00072702 0.01269 0.065162 -0.03105 -0.0001
0.20178 0.69934 0.00072702 0.01238 0.065161 -0.03158 -3e-05
0.20179 0.69934 0.00072702 0.012064 0.06516 -0.09798 -0.00016
0.2018 0.69934 0.00072702 0.011084 0.065159 -0.03316 5e-05
0.20181 0.69934 0.00072702 0.010753 0.065159 -0.03368 -2e-05
0.20181 0.69934 0.00072702 0.010416 0.065159 -0.10009 -0.00015
0.20182 0.69934 0.00072702 0.009415 0.065158 0.030612 0.00015
0.20182 0.69934 0.00072702 0.0097211 0.065159 -0.035267 -9e-05
0.20183 0.69934 0.00072702 0.0093684 0.065158 -0.035794 -2e-05
0.20183 0.69934 0.00072702 0.0090105 0.065158 -0.1022 -0.00016
0.20184 0.69934 0.00072702 0.0079885 0.065156 -0.037377 7e-05
0.20184 0.69934 0.00072702 0.0076147 0.065157 0.027975 0.00012
0.20184 0.69934 0.00072702 0.0078945 0.065158 -0.037904 -0.0001
0.20185 0.69934 0.00072702 0.0075154 0.065157 -0.10431 -0.00015
0.20186 0.69934 0.00072702 0.0064723 0.065156 0.026393 0.00015
0.20186 0.69934 0.00072702 0.0067362 0.065157 0.026393 8e-05
0.20186 0.69934 0.00072702 0.0070002 0.065158 0.026392 8e-05
0.20186 0.69934 0.00072702 0.0072641 0.065159 -0.039486 -0.0001
0.20186 0.69934 0.00072702 0.0068692 0.065158 0.025865 0.0001
0.20186 0.69934 0.00072702 0.0071279 0.065159 -0.040014 -0.0001
0.20187 0.69934 0.00072702 0.0067277 0.065158 0.025338 0.00011
0.20187 0.69934 0.00072702 0.0069811 0.065159 -0.040541 -0.00011
0.20187 0.69934 0.00072702 0.0065757 0.065158 0.02481 0.0001
0.20187 0.69934 0.00072702 0.0068238 0.065159 0.02481 7e-05
0.20187 0.69934 0.00072702 0.0070719 0.06516 -0.041069 -0.00012
0.20188 0.69934 0.00072702 0.0066612 0.065158 0.024283 0.0001
0.20188 0.69934 0.00072702 0.0069041 0.065159 0.024283 6e-05
0.20188 0.69934 0.00072702 0.0071469 0.06516 -0.041596 -0.00011
0.20189 0.69934 0.00072702 0.0067309 0.065159 0.023756 9e-05
0.20189 0.69934 0.00072702 0.0069685 0.06516 0.023755 6e-05
0.20189 0.69934 0.00072702 0.007206 0.06516 -0.042124 -0.00013
0.20189 0.69934 0.00072702 0.0067848 0.065159 -0.44648 0.00073
0.20189 0.69934 0.00068775 0.00232 0.065166 0.011205 -0.00012
0.20189 0.69934 0.00068775 0.0024321 0.065165 -0.054673 -0.00013
0.20189 0.69934 0.00068775 0.0018853 0.065164 0.010678 7e-05
0.20189 0.69934 0.00068775 0.0019921 0.065165 0.010678 3e-05
0.20189 0.69934 0.00068775 0.0020989 0.065165 0.010679 2e-05
0.20189 0.69934 0.00068775 0.0022057 0.065165 0.010678 2e-05
0.20189 0.69934 0.00068775 0.0023125 0.065165 0.010678 2e-05
0.20189 0.69934 0.00068775 0.0024192 0.065166 -0.055201 -0.00014
0.2019 0.69934 0.00068775 0.0018672 0.065164 0.010151 7e-05
0.2019 0.69934 0.00068775 0.0019687 0.065165 0.010151 2e-05
0.2019 0.69934 0.00068775 0.0020703 0.065165 0.010151 2e-05
0.2019 0.69934 0.00068775 0.0021718 0.065165 0.010151 2e-05
0.2019 0.69934 0.00068775 0.0022733 0.065165 0.010151 2e-05
0.2019 0.69934 0.00068775 0.0023748 0.065166 0.01015 2e-05
0.2019 0.69934 0.00068775 0.0024763 0.065166 0.010151 1e-05
0.2019 0.69934 0.00068775 0.0025778 0.065166 0.010151 2e-05
0.2019 0.69934 0.00068775 0.0026793 0.065166 -0.055728 -0.00015
0.20191 0.69934 0.00068775 0.002122 0.065165 0.009623 7e-05
0.20191 0.69934 0.00068775 0.0022183 0.065165 0.009624 1e-05
0.20191 0.69934 0.00068775 0.0023145 0.065165 0.009623 2e-05
0.20191 0.69934 0.00068775 0.0024107 0.065166 0.009623 1e-05
0.20191 0.69934 0.00068775 0.0025069 0.065166 0.009624 2e-05
0.20191 0.69934 0.00068775 0.0026032 0.065166 0.009623 1e-05
0.20191 0.69934 0.00068775 0.0026994 0.065166 0.009623 1e-05
0.20191 0.69934 0.00068775 0.0027956 0.065166 0.009624 1e-05
0.20191 0.69934 0.00068775 0.0028919 0.065166 0.009623 2e-05
0.20191 0.69934 0.00068775 0.0029881 0.065166 -0.52596 0.00059
0.20191 0.69934 0.00064849 -0.0022715 0.065172 -0.002927 -0.00014
0.20191 0.69934 0.00064849 -0.0023008 0.065171 -0.002926 -1e-05
0.20191 0.69934 0.00064849 -0.00233 0.065171 -0.002926 -2e-05
0.20191 0.69934 0.00064849 -0.0023593 0.065171 -0.002927 -1e-05
0.20191 0.69934 0.00064849 -0.0023886 0.065171 -0.002926 0
0.20191 0.69934 0.00064849 -0.0024178 0.065171 -0.002927 -1e-05
0.20191 0.69934 0.00064849 -0.0024471 0.06517 -0.002926 -1e-05
0.20191 0.69934 0.00064849 -0.0024763 0.06517 -0.002926 -1e-05
0.20191 0.69934 0.00064849 -0.0025056 0.06517 -0.002927 -1e-05
0.20191 0.69934 0.00064849 -0.0025349 0.06517 -0.002926 0
0.20191 0.69934 0.00064849 -0.0025641 0.06517 -0.002926 -1e-05
0.20191 0.69934 0.00064849 -0.0025934 0.06517 -0.002927 0
0.20191 0.69934 0.00064849 -0.0026227 0.06517 -0.002926 -1e-05
0.20191 0.69934 0.00064849 -0.0026519 0.06517 -0.002927 0
0.20191 0.69934 0.00064849 -0.0026812 0.06517 -0.002926 -1e-05
0.20191 0.69934 0.00064849 -0.0027105 0.06517 -0.002926 0
0.20191 0.69934 0.00064849 -0.0027397 0.06517 -0.002927 -1e-05
0.20191 0.69934 0.00064849 -0.002769 0.06517 -0.002926 0
0.20191 0.69934 0.00064849 -0.0027982 0.06517 -0.002926 0
0.20191 0.69934 0.00064849 -0.0028275 0.06517 -0.002927 -1e-05
0.20191 0.69934 0.00064849 -0.0028568 0.06517 -0.002926 0
0.20191 0.69934 0.00064849 -0.002886 0.06517 -0.002927 0
0.20191 0.69934 0.00064849 -0.0029153 0.06517 -0.002926 -1e-05
0.20191 0.69934 0.00064849 -0.0029446 0.06517 -0.002926 0
0.20191 0.69934 0.00064849 -0.0029738 0.06517 -0.002927 0
0.20191 0.69934 0.00064849 -0.0030031 0.06517 -0.002926 0
0.20191 0.69934 0.00064849 -0.0030324 0.06517 -0.002927 0
0.20191 0.69934 0.00064849 -0.0030616 0.06517 -0.002926 -1e-05
0.20191 0.69934 0.00064849 -0.0030909 0.065169 -0.002926 0
0.20191 0.69934 0.00064849 -0.0031201 0.065169 -0.002927 0
0.20191 0.69934 0.00064849 -0.0031494 0.065169 -0.002926 0
0.20191 0.69934 0.00064849 -0.0031787 0.065169 -0.002926 0
0.20191 0.69934 0.00064849 -0.0032079 0.065169 -0.002927 0
0.20191 0.69934 0.00064849 -0.0032372 0.065169 -0.002926 -1e-05
0.20191 0.69934 0.00064849 -0.0032665 0.065169 -0.002927 0
0.20191 0.69934 0.00064849 -0.0032957 0.065169 -0.002926 0
0.20191 0.69934 0.00064849 -0.003325 0.065169 -0.002926 0
0.20191 0.69934 0.00064849 -0.0033543 0.065169 -0.002927 0
0.20191 0.69934 0.00064849 -0.0033835 0.065169 -0.002926 0
0.20191 0.69934 0.00064849 -0.0034128 0.065169 -0.002926 0
0.20191 0.69934 0.00064849 -0.003442 0.065169 -0.002927 0
0.20191 0.69934 0.00064849 -0.0034713 0.065169 -0.002926 0
0.20191 0.69934 0.00064849 -0.0035006 0.065169 -0.068806 -0.00015
0.20192 0.69934 0.00064849 -0.0041886 0.065168 -0.003453 6e-05
0.20192 0.69934 0.00064849 -0.0042232 0.065168 -0.003454 1e-05
0.20192 0.69934 0.00064849 -0.0042577 0.065169 -0.003454 0
0.20192 0.69934 0.00064849 -0.0042923 0.065169 -0.003454 0
0.20192 0.69934 0.00064849 -0.0043268 0.065169 -0.003453 1e-05
0.20192 0.69934 0.00064849 -0.0043613 0.065169 -0.003454 0
0.20192 0.69934 0.00064849 -0.0043959 0.065169 -0.003454 0
0.20192 0.69934 0.00064849 -0.0044304 0.065169 -0.003454 0
0.20192 0.69934 0.00064849 -0.0044649 0.065169 -0.003454 1e-05
0.20192 0.69934 0.00064849 -0.0044995 0.065169 -0.003453 0
0.20192 0.69934 0.00064849 -0.004534 0.065169 -0.003454 0
0.20192 0.69934 0.00064849 -0.0045686 0.065169 -0.003454 0
0.20192 0.69934 0.00064849 -0.0046031 0.065169 -0.003454 0
0.20192 0.69934 0.00064849 -0.0046376 0.065169 -0.003454 0
0.20192 0.69934 0.00064849 -0.0046722 0.065169 -0.003453 1e-05
0.20192 0.69934 0.00064849 -0.0047067 0.065169 -0.003454 0
0.20192 0.69934 0.00064849 -0.0047412 0.065169 -0.003454 0
0.20192 0.69934 0.00064849 -0.0047758 0.065169 -0.003454 0
0.20192 0.69934 0.00064849 -0.0048103 0.065169 -0.003454 0
0.20192 0.69934 0.00064849 -0.0048449 0.065169 -0.003453 0
0.20192 0.69934 0.00064849 -0.0048794 0.065169 -0.003454 0
0.20192 0.69934 0.00064849 -0.0049139 0.065169 -0.003454 0
0.20192 0.69934 0.00064849 -0.0049485 0.065169 -0.003454 0
0.20192 0.69934 0.00064849 -0.004983 0.065169 -0.003453 1e-05
0.20192 0.69934 0.00064849 -0.0050175 0.065169 -0.003454 0
0.20192 0.69934 0.00064849 -0.0050521 0.065169 -0.003454 0
0.20192 0.69934 0.00064849 -0.0050866 0.065169 -0.003454 0
0.20192 0.69934 0.00064849 -0.0051212 0.065169 -0.003454 0
0.20192 0.69934 0.00064849 -0.0051557 0.065169 -0.003453 0
0.20192 0.69934 0.00064849 -0.0051902 0.065169 -0.003454 0
0.20192 0.69934 0.00064849 -0.0052248 0.065169 -0.003454 0
0.20192 0.69934 0.00064849 -0.0052593 0.065169 -0.003454 0
0.20192 0.69934 0.00064849 -0.0052939 0.065169 -0.003454 0
0.20192 0.69934 0.00064849 -0.0053284 0.065169 -0.003453 0
0.20192 0.69934 0.00064849 -0.0053629 0.065169 -0.003454 0
0.20192 0.69934 0.00064849 -0.0053975 0.065169 -0.003454 0
0.20192 0.69934 0.00064849 -0.005432 0.065169 -0.003454 0
0.20192 0.69934 0.00064849 -0.0054665 0.065169 -0.003453 0
0.20192 0.69934 0.00064849 -0.0055011 0.065169 -0.003454 0
0.20192 0.69934 0.00064849 -0.0055356 0.065169 -0.003454 0
0.20192 0.69934 0.00064849 -0.0055702 0.065169 -0.003454 0
0.20192 0.69934 0.00064849 -0.0056047 0.065169 -0.003454 0
0.20192 0.69934 0.00064849 -0.0056392 0.065169 -0.003453 0
0.20192 0.69934 0.00064849 -0.0056738 0.065169 -0.003454 0
0.20192 0.69934 0.00064849 -0.0057083 0.065169 -0.003454 0
0.20192 0.69934 0.00064849 -0.0057428 0.065169 -0.003454 0
0.20192 0.69934 0.00064849 -0.0057774 0.065169 -0.003453 0
0.20192 0.69934 0.00064849 -0.0058119 0.065169 -0.003454 0
0.20192 0.69934 0.00064849 -0.0058465 0.065169 -0.003454 0
0.20192 0.69934 0.00064849 -0.005881 0.065169 -0.003454 0
0.20192 0.69934 0.00064849 -0.0059155 0.065169 -0.003454 0
0.20192 0.69934 0.00064849 -0.0059501 0.065169 -0.003453 0
0.20192 0.69934 0.00064849 -0.0059846 0.065169 -0.003454 0
0.20192 0.69934 0.00064849 -0.0060191 0.065169 -0.003454 0
0.20192 0.69934 0.00064849 -0.0060537 0.065169 -0.003454 0
0.20192 0.69934 0.00064849 -0.0060882 0.065169 -0.003453 1e-05
0.20192 0.69934 0.00064849 -0.0061227 0.065169 -0.003454 0
0.20192 0.69934 0.00064849 -0.0061573 0.065169 -0.003454 0
0.20192 0.69934 0.00064849 -0.0061918 0.065169 -0.003454 0
0.20192 0.69934 0.00064849 -0.0062264 0.065169 -0.003454 0
0.20192 0.69934 0.00064849 -0.0062609 0.065169 -0.003453 0
0.20192 0.69934 0.00064849 -0.0062954 0.065169 -0.003454 0
0.20192 0.69934 0.00064849 -0.00633 0.065169 -0.003454 0
0.20192 0.69934 0.00064849 -0.0063645 0.065169 -0.003454 0
0.20192 0.69934 0.00064849 -0.0063991 0.065169 -0.003453 0
0.20192 0.69934 0.00064849 -0.0064336 0.065169 -0.003454 0
0.20192 0.69934 0.00064849 -0.0064681 0.065169 -0.003454 0
0.20192 0.69934 0.00064849 -0.0065027 0.065169 -0.003454 0
0.20192 0.69934 0.00064849 -0.0065372 0.065169 -0.003453 0
0.20192 0.69934 0.00064849 -0.0065717 0.065169 -0.003454 0
0.20192 0.69934 0.00064849 -0.0066063 0.065169 -0.003454 0
0.20192 0.69934 0.00064849 -0.0066408 0.065169 -0.003454 0
0.20192 0.69934 0.00064849 -0.0066754 0.065169 -0.003454 0
0.20192 0.69934 0.00064849 -0.0067099 0.065169 -0.003453 0
0.20192 0.69934 0.00064849 -0.0067444 0.065169 -0.003454 0
0.20192 0.69934 0.00064849 -0.006779 0.065169 -0.003454 0
0.20192 0.69934 0.00064849 -0.0068135 0.065169 -0.003454 0
0.20192 0.69934 0.00064849 -0.006848 0.065169 -0.003453 0
0.20192 0.69934 0.00064849 -0.0068826 0.065169 -0.003454 0
0.20192 0.69934 0.00064849 -0.0069171 0.065169 -0.003454 0
0.20192 0.69934 0.00064849 -0.0069517 0.065169 -0.003454 0
0.20192 0.69934 0.00064849 -0.0069862 0.065169 -0.003453 0
0.20192 0.69934 0.00064849 -0.0070207 0.065169 -0.003454 0
0.20192 0.69934 0.00064849 -0.0070553 0.065169 -0.003454 0
0.20192 0.69934 0.00064849 -0.0070898 0.065169 -0.003454 0
0.20192 0.69934 0.00064849 -0.0071243 0.065169 -0.003453 0
0.20192 0.69934 0.00064849 -0.0071589 0.065169 -0.003454 0
0.20192 0.69934 0.00064849 -0.0071934 0.065169 -0.003454 0
0.20192 0.69934 0.00064849 -0.007228 0.065169 -0.003454 0
0.20192 0.69934 0.00064849 -0.0072625 0.065169 -0.003453 0
0.20192 0.69934 0.00064849 -0.007297 0.065169 -0.003454 0
0.20192 0.69934 0.00064849 -0.0073316 0.065169 -0.003454 0
0.20192 0.69934 0.00064849 -0.0073661 0.065169 31.662 -100
0.20192 0.69934 0.00064849 0.30925 -0.93483 32.196 -100
0.20192 0.69934 0.00064849 0.63121 -1.9348 31.615 -96.782
0.20194 0.69933 0.00064863 0.94737 -2.9026 27.17 -85.168
0.20207 0.69925 0.00041376 1.2191 -3.7543 23.328 -74.948
0.20239 0.69899 0.0001021 1.4524 -4.5038 20.942 -65.955
0.20291 0.69842 -0.00016744 1.6618 -5.1634 13.518 -58.039
0.20357 0.69746 -0.00086511 1.797 -5.7438 6.637 -51.075
0.20436 0.69606 -0.0019513 1.8633 -6.2545 -0.475 -44.946
0.20524 0.69422 -0.0034652 1.8586 -6.704 -5.569 -39.553
0.20619 0.692 -0.0052502 1.8029 -7.0995 -10.012 -34.806
0.20716 0.68946 -0.0073068 1.7028 -7.4475 -3.986 -30.629
0.20813 0.6867 -0.0088114 1.6629 -7.7538 0.126 -26.954
0.20905 0.68384 -0.0099613 1.6642 -8.0234 3.603 -23.72
0.20993 0.68091 -0.010835 1.7002 -8.2606 -1.389 -20.873
0.21078 0.67797 -0.012102 1.6863 -8.4693 -1.391 -18.368
0.21163 0.67506 -0.013329 1.6724 -8.653 1.86 -16.164
0.21249 0.67214 -0.014242 1.691 -8.8146 -0.42 -14.225
0.21333 0.66926 -0.015312 1.6868 -8.9569 -1.772 -12.517
0.21418 0.66638 -0.01646 1.6691 -9.0821 -3.269 -11.015
0.21503 0.66347 -0.017686 1.6364 -9.1922 -3.282 -9.694
0.21588 0.66053 -0.018873 1.6036 -9.2891 -1.656 -8.53
0.21671 0.65753 -0.019901 1.587 -9.3744 -0.873 -7.507
0.21753 0.65445 -0.02085 1.5783 -9.4495 -2.579 -6.606
0.21834 0.65134 -0.021916 1.5525 -9.5156 -1.439 -5.813
0.21913 0.64818 -0.022863 1.5381 -9.5737 -1.571 -5.116
0.2199 0.64498 -0.023809 1.5224 -9.6249 -0.449 -4.501
0.22068 0.64172 -0.024637 1.5179 -9.6699 0.826 -3.962
0.22143 0.63847 -0.025347 1.5261 -9.7095 -0.831 -3.486
0.22218 0.6352 -0.026173 1.5178 -9.7444 -2.157 -3.068
0.22293 0.63194 -0.027078 1.4963 -9.775 -1.484 -2.699
0.22368 0.62869 -0.027904 1.4814 -9.802 2.941 -2.376
0.22443 0.6254 -0.028337 1.5108 -9.8258 -0.524 -2.091
0.22518 0.62215 -0.029045 1.5056 -9.8467 -0.312 -1.84
0.22592 0.61889 -0.029712 1.5025 -9.8651 -0.622 -1.619
0.22667 0.61562 -0.03038 1.4963 -9.8813 1.015 -1.424
0.22742 0.61234 -0.030889 1.5064 -9.8955 2.688 -1.254
0.22817 0.60906 -0.031241 1.5333 -9.9081 1.121 -0.597
0.22892 0.60573 -0.03171 1.5445 -9.914 -1.932 1.586
0.22968 0.60243 -0.032415 1.5252 -9.8982 4.745 4.05
0.23045 0.59913 -0.03253 1.5726 -9.8577 3.706 5.287
0.23121 0.59581 -0.032723 1.6097 -9.8048 1.161 7.079
0.23198 0.5925 -0.033111 1.6213 -9.734 3.177 9.099
0.23278 0.58918 -0.033303 1.6531 -9.643 4.453 10.426
0.23356 0.58589 -0.033377 1.6976 -9.5388 0.918 11.566
0.23438 0.58264 -0.033726 1.7068 -9.4231 4.256 13.268
0.2352 0.57942 -0.03376 1.7493 -9.2904 2.691 14.043
0.23605 0.57625 -0.033913 1.7763 -9.15 1.925 15.169
0.23691 0.57313 -0.034105 1.7955 -8.9983 4.405 16.364
0.23778 0.57002 -0.034061 1.8396 -8.8347 1.848 16.824
0.23867 0.567 -0.034215 1.858 -8.6664 3.014 17.788
0.23958 0.56403 -0.03425 1.8882 -8.4885 5.938 18.599
0.2405 0.56113 -0.034012 1.9475 -8.3026 3.044 18.761
0.24144 0.55829 -0.034009 1.978 -8.1149 1.78 19.44
0.2424 0.5555 -0.034086 1.9958 -7.9205 3.823 19.991
0.24338 0.55279 -0.033966 2.034 -7.7206 2.669 20.177
0.24437 0.55014 -0.033926 2.0607 -7.5189 7.333 20.889
0.24538 0.54756 -0.033455 2.134 -7.31 2.311 20.479
0.24641 0.54504 -0.033416 2.1572 -7.1052 2.545 20.919
0.24744 0.54259 -0.033339 2.1826 -6.896 3.976 21.133
0.24851 0.54023 -0.033105 2.2224 -6.6847 7.673 21.503
0.2496 0.53792 -0.032519 2.2991 -6.4696 3.114 20.929
0.2507 0.53569 -0.032326 2.3302 -6.2603 1.519 20.934
0.25183 0.53354 -0.032253 2.3454 -6.051 6.015 21.298
0.25298 0.53146 -0.031748 2.4056 -5.838 3.158 20.804
0.25416 0.52946 -0.031479 2.4371 -5.63 3.784 20.787
0.25535 0.52752 -0.031133 2.475 -5.4221 4.457 20.622
0.25656 0.52566 -0.03071 2.5196 -5.2159 5.899 20.569
0.25779 0.52386 -0.03013 2.5785 -5.0102 1.865 19.908
0.25905 0.52212 -0.029904 2.5972 -4.8111 2.091 19.722
0.26032 0.52045 -0.02964 2.6181 -4.6139 5.555 19.805
0.26162 0.51885 -0.029024 2.6737 -4.4158 6.299 19.475
0.26293 0.51733 -0.028331 2.7367 -4.2211 0.582 18.515
0.26427 0.51587 -0.028148 2.7425 -4.0359 3.321 18.525
0.26561 0.51448 -0.027692 2.7757 -3.8507 6.813 18.489
0.26699 0.51316 -0.026884 2.8438 -3.6658 3.395 17.661
0.26837 0.5119 -0.026391 2.8778 -3.4892 3.232 17.256
0.26977 0.5107 -0.025899 2.9101 -3.3166 2.964 16.878
0.2712 0.50955 -0.025407 2.9397 -3.1479 5.699 16.708
0.27264 0.50846 -0.024642 2.9967 -2.9808 4.223 16.141
0.2741 0.50743 -0.023995 3.0389 -2.8194 3.713 15.597
0.27558 0.50647 -0.023389 3.0761 -2.6634 3.406 15.155
0.27709 0.50556 -0.022784 3.1101 -2.5118 3.562 14.766
0.27862 0.50469 -0.02214 3.1458 -2.3642 4.233 14.377
0.28016 0.50388 -0.021418 3.1881 -2.2204 5.323 14.02
0.28172 0.50312 -0.02058 3.2413 -2.0802 2.184 13.289
0.28331 0.50241 -0.020017 3.2631 -1.9473 3.963 13.024
0.28492 0.50174 -0.019259 3.3028 -1.8171 5.152 12.684
0.28654 0.50111 -0.018384 3.3543 -1.6903 1.308 11.811
0.28819 0.50055 -0.017863 3.3674 -1.5721 0.928 11.359
0.28986 0.50002 -0.017343 3.3767 -1.4586 2.016 11.035
0.29154 0.49954 -0.016706 3.3968 -1.3482 3.071 10.719
0.29324 0.49909 -0.015952 3.4275 -1.241 2.671 10.191
0.29495 0.49869 -0.015237 3.4542 -1.1391 0.039 9.503
0.29667 0.49833 -0.01476 3.4546 -1.0441 2.784 9.296
0.29839 0.49799 -0.014007 3.4825 -0.95111 2.791 8.8985
0.30012 0.49769 -0.013256 3.5104 -0.86213 1.741 8.4254
0.30186 0.49741 -0.012583 3.5278 -0.77787 -0.539 7.7238
0.3036 0.49716 -0.012147 3.5224 -0.70063 1.586 7.5791
0.30536 0.49692 -0.011475 3.5383 -0.62484 1.629 7.2485
0.30712 0.49671 -0.010803 3.5545 -0.55236 1.067 6.8378
0.30889 0.49652 -0.010172 3.5652 -0.48398 1.908 6.4982
0.31065 0.49637 -0.009462 3.5843 -0.419 2.613 6.225
0.31243 0.49624 -0.0086743 3.6104 -0.35675 -1.096 5.5597
0.31421 0.49613 -0.0082404 3.5995 -0.30115 1.516 5.4025
0.31601 0.49605 -0.0075322 3.6146 -0.24713 4.33 5.3803
0.31781 0.49599 -0.0065496 3.6579 -0.19332 3.126 4.9738
0.31961 0.49596 -0.0056852 3.6892 -0.14358 -1.413 4.2384
0.32144 0.49594 -0.0052529 3.6751 -0.1012 0.79 4.0568
0.32327 0.49594 -0.0045854 3.683 -0.060632 3.044 4.0951
0.32512 0.49594 -0.0036823 3.7134 -0.01968 2.232 3.8456
0.32698 0.49594 -0.0028578 3.7357 0.018775 -2.311 3.2202
0.32884 0.49594 -0.0024652 3.7126 0.050978 -0.367 3.0595
0.33071 0.49594 -0.0018763 3.7089 0.081573 1.217 3.0436
0.33259 0.49594 -0.0011303 3.7211 0.11201 -0.329 2.7537
0.33445 0.49594 -0.00054132 3.7178 0.13955 -1.254 2.4793
0.33632 0.49594 -3.0905e-05 3.7053 0.16434 -1.091 2.2682
0.33818 0.49594 0.00047951 3.6944 0.18702 0.828 2.2524
0.34004 0.49594 0.0011862 3.7027 0.20955 -0.723 2.0465
0.3419 0.49594 0.0017359 3.6954 0.23001 -1.255 1.8504
0.34376 0.49594 0.0022463 3.6829 0.24851 -0.739 1.7285
0.34561 0.49594 0.002796 3.6755 0.2658 0.436 1.6863
0.34746 0.49594 0.0034634 3.6798 0.28266 -0.67 1.5072
0.3493 0.49594 0.004013 3.6731 0.29773 -0.398 1.3934
0.35115 0.49595 0.0046019 3.6692 0.31167 -0.319 1.2847
0.35299 0.49596 0.0051905 3.666 0.32451 1.264 1.2458
0.35483 0.49599 0.0059361 3.6786 0.33697 -2.337 0.9286
0.35667 0.49603 0.0063279 3.6552 0.34626 -0.898 0.799
0.35852 0.49609 0.0068765 3.6463 0.35425 1.576 0.8366
0.36036 0.49617 0.0076602 3.662 0.36262 2.949 0.7879
0.36218 0.49627 0.0085614 3.6915 0.37049 -3.172 0.334
0.36402 0.49638 0.0088735 3.6598 0.37383 -2.747 0.1011
0.36585 0.49648 0.0092249 3.6323 0.37484 1.495 0.235
0.36769 0.49659 0.010008 3.6473 0.3772 2.023 0.327
0.36952 0.49669 0.010831 3.6675 0.38046 -2.659 -0.0592
0.37134 0.4968 0.011182 3.6409 0.37987 -4.279 -0.3283
0.37316 0.49691 0.011376 3.5981 0.37659 -0.767 -0.2725
0.37498 0.49702 0.011924 3.5905 0.37387 0.514 -0.1883
0.37678 0.49713 0.012589 3.5956 0.37198 -2.292 -0.33
0.37859 0.49723 0.01298 3.5727 0.36868 -4.554 -0.5638
0.38037 0.49734 0.013135 3.5271 0.36304 -2.201 -0.5898
0.38215 0.49744 0.013526 3.5051 0.35715 -2.304 -0.5364
0.38394 0.49755 0.013917 3.4821 0.35178 -2.053 -0.5885
0.38569 0.49765 0.014307 3.4615 0.3459 -3.207 -0.6629
0.38743 0.49774 0.01458 3.4295 0.33927 -2.327 -0.6976
0.38916 0.49783 0.014932 3.4062 0.33229 -3.992 -0.7297
0.39089 0.49791 0.015127 3.3663 0.32499 -1.87 -0.7269
0.3926 0.498 0.015518 3.3476 0.31773 -2.92 -0.7308
0.3943 0.49808 0.015791 3.3184 0.31042 -2.036 -0.7771
0.39597 0.49816 0.016143 3.298 0.30265 -3.646 -0.7923
0.39764 0.49824 0.016338 3.2616 0.29472 -2.675 -0.8281
0.39929 0.49832 0.016612 3.2348 0.28644 -1.784 -0.7948
0.40092 0.49839 0.016963 3.217 0.27849 -1.787 -0.8082
0.40254 0.49847 0.017315 3.1991 0.27041 -3.846 -0.822
0.40416 0.49854 0.017471 3.1606 0.26219 -3.733 -0.8534
0.40577 0.49861 0.017627 3.1233 0.25366 -2.463 -0.8264
0.40736 0.49867 0.017901 3.0987 0.2454 -1.97 -0.7797
0.40893 0.49873 0.018214 3.079 0.2376 -3.782 -0.7986
0.41048 0.49878 0.01833 3.0412 0.22961 -3.774 -0.8242
0.41202 0.49884 0.018447 3.0034 0.22137 -2.456 -0.7993
0.41354 0.49889 0.018682 2.9789 0.21338 -3.276 -0.7684
0.41506 0.49894 0.018838 2.9461 0.20569 -2.753 -0.7673
0.41656 0.49899 0.019033 2.9186 0.19802 -3.376 -0.7528
0.41802 0.49904 0.01915 2.8848 0.19049 -2.71 -0.7476
0.4195 0.49908 0.019346 2.8577 0.18302 -3.281 -0.7179
0.42095 0.49912 0.019463 2.8249 0.17584 -4.018 -0.6997
0.42238 0.49916 0.019501 2.7847 0.16884 -3.313 -0.6852
0.4238 0.49919 0.019619 2.7516 0.16199 -2.637 -0.6308
0.4252 0.49921 0.019775 2.7252 0.15568 -2.558 -0.6147
0.42658 0.49924 0.019932 2.6997 0.14953 -3.635 -0.591
0.42794 0.49926 0.019971 2.6633 0.14362 -3.33 -0.6027
0.4293 0.49929 0.020049 2.63 0.1376 -2.81 -0.5711
0.43064 0.49932 0.020166 2.6019 0.13189 -3.138 -0.5444
0.43196 0.49934 0.020244 2.5705 0.12644 -3.422 -0.5286
0.43327 0.49936 0.020283 2.5363 0.12115 -3.462 -0.5059
0.43457 0.49938 0.020322 2.5017 0.1161 -3.248 -0.4792
0.43584 0.4994 0.020361 2.4692 0.1113 -2.428 -0.4677
0.4371 0.49941 0.020478 2.4449 0.10663 -3.102 -0.4279
0.43834 0.49942 0.020517 2.4139 0.10235 -2.933 -0.41117
0.43955 0.49943 0.020556 2.3846 0.098236 -2.967 -0.39956
0.44077 0.49944 0.020595 2.3549 0.094241 -2.848 -0.37242
0.44195 0.49945 0.020635 2.3264 0.090516 -2.88 -0.35067
0.44314 0.49946 0.020674 2.2976 0.08701 -3.211 -0.31786
0.44431 0.49946 0.020674 2.2655 0.083831 -3.098 -0.30001
0.44546 0.49946 0.020674 2.2345 0.080831 -3.135 -0.28322
0.4466 0.49946 0.020674 2.2032 0.077999 -2.968 -0.26312
0.44772 0.49946 0.020674 2.1735 0.075368 -4.11 -0.22137
0.44883 0.49946 0.020556 2.1324 0.073154 -2.857 -0.23727
0.44992 0.49946 0.020556 2.1038 0.070781 -3.594 -0.1982
0.45099 0.49946 0.020477 2.0679 0.068799 -3.036 -0.19069
0.45204 0.49946 0.020438 2.0375 0.066892 -3.425 -0.17115
0.45309 0.49946 0.020359 2.0033 0.065181 -3.318 -0.15638
0.4541 0.49946 0.020281 1.9701 0.063617 -3.713 -0.13886
0.45511 0.49946 0.020163 1.933 0.062228 -3.209 -0.13539
0.4561 0.49946 0.020085 1.9009 0.060875 -4.409 -0.09821
0.45709 0.49946 0.019888 1.8568 0.059893 -3.516 -0.1079
0.45804 0.49946 0.019771 1.8216 0.058813 -3.007 -0.10572
0.45898 0.49946 0.019692 1.7916 0.057756 -4.152 -0.06609
0.45991 0.49946 0.019496 1.75 0.057095 -4.06 -0.05418
0.46081 0.49946 0.019299 1.7094 0.056554 -3.564 -0.05663
0.4617 0.49946 0.019142 1.6738 0.055987 -3.007 -0.0553
0.46256 0.49946 0.019025 1.6437 0.055434 -3.7 -0.02341
0.4634 0.49946 0.018828 1.6067 0.0552 -3.249 -0.02798
0.46422 0.49946 0.018671 1.5742 0.05492 -3.494 -0.00517
0.46503 0.49946 0.018475 1.5393 0.054869 -2.638 -0.02398
0.46581 0.49946 0.018357 1.5129 0.054629 -3.779 0.01376
0.46658 0.49946 0.018121 1.4751 0.054767 -2.928 -0.00261
0.46734 0.49946 0.017965 1.4459 0.05474 -2.816 0.00117
0.46807 0.49946 0.017807 1.4177 0.054752 -2.752 0.00552
0.46879 0.49946 0.01765 1.3902 0.054807 -3.141 0.01753
0.4695 0.49946 0.017454 1.3588 0.054983 -3.539 0.03035
0.4702 0.49946 0.017219 1.3234 0.055286 -2.632 0.01177
0.47088 0.49946 0.017062 1.2971 0.055404 -2.916 0.02745
0.47154 0.49946 0.016865 1.2679 0.055678 -2.855 0.03368
0.47219 0.49946 0.016669 1.2393 0.056015 -3.195 0.04851
0.47281 0.49946 0.016433 1.2074 0.0565 -1.932 0.01277
0.47343 0.49946 0.016316 1.1881 0.056628 -3.111 0.04229
0.47403 0.49946 0.01608 1.157 0.057051 -3.105 0.04937
0.47463 0.49946 0.015844 1.1259 0.057544 -3.047 0.04874
0.47521 0.49946 0.015609 1.0954 0.058032 -2.132 0.02767
0.47577 0.49946 0.015452 1.0741 0.058309 -2.406 0.04245
0.47631 0.49946 0.015255 1.0501 0.058733 -2.841 0.05467
0.47685 0.49946 0.01502 1.0216 0.05928 -2.7791 0.05721
0.47736 0.49946 0.014784 0.99386 0.059852 -2.8176 0.0492
0.47788 0.49946 0.014549 0.96568 0.060344 -2.3506 0.03504
0.47838 0.49946 0.014352 0.94218 0.060694 -2.6803 0.04678
0.47886 0.49946 0.014117 0.91537 0.061162 -2.2111 0.04019
0.47934 0.49946 0.01392 0.89326 0.061564 -2.6406 0.04335
0.4798 0.49946 0.013685 0.86686 0.061997 -2.5219 0.05147
0.48024 0.49946 0.013449 0.84164 0.062512 -2.5036 0.05045
0.48068 0.49946 0.013214 0.8166 0.063017 -2.4846 0.04667
0.48111 0.49946 0.012978 0.79176 0.063483 -2.3628 0.05157
0.48151 0.49946 0.012743 0.76813 0.063999 -1.9895 0.03417
0.48191 0.49946 0.012546 0.74823 0.064341 -2.3115 0.04307
0.48229 0.49946 0.012311 0.72512 0.064771 -2.2887 0.04691
0.48267 0.49946 0.012075 0.70223 0.065241 -2.214 0.04795
0.48303 0.49946 0.011839 0.68009 0.06572 -2.1892 0.04653
0.48338 0.49946 0.011604 0.6582 0.066185 -1.4087 0.01511
0.48373 0.49946 0.011447 0.64411 0.066337 -2.1213 0.0328
0.48406 0.49946 0.011211 0.6229 0.066665 -2.0431 0.04764
0.48437 0.49946 0.010976 0.60247 0.067141 -2.066 0.04264
0.48468 0.49946 0.01074 0.58181 0.067567 -2.0374 0.03857
0.48498 0.49946 0.010505 0.56143 0.067953 -1.605 0.02483
0.48527 0.49946 0.010308 0.54538 0.068201 -1.5665 0.0199
0.48555 0.49946 0.010112 0.52972 0.0684 -1.5274 0.02056
0.48582 0.49946 0.0099156 0.51445 0.068606 -1.9415 0.0287
0.48608 0.49946 0.0096801 0.49503 0.068893 -1.9095 0.03146
0.48634 0.49946 0.0094445 0.47593 0.069208 -1.5246 0.01521
0.48659 0.49946 0.0092482 0.46069 0.06936 -1.4832 0.00947
0.48683 0.49946 0.0090519 0.44586 0.069454 -1.4409 0.01104
0.48706 0.49946 0.0088555 0.43145 0.069565 -1.852 0.01959
0.48729 0.49946 0.00862 0.41293 0.069761 -1.8168 0.02321
0.4875 0.49946 0.0083844 0.39476 0.069993 -1.3779 0.01211
0.4877 0.49946 0.0081881 0.38098 0.070114 -1.384 0.00482
0.4879 0.49946 0.0079918 0.36714 0.070162 -1.2875 0.00854
0.48809 0.49946 0.0077954 0.35427 0.070247 -1.3432 0.00547
0.48828 0.49946 0.0075991 0.34083 0.070302 -1.2457 0.00736
0.48845 0.49946 0.0074028 0.32838 0.070376 -1.249 0.00793
0.48861 0.49946 0.0072065 0.31589 0.070455 -1.2521 0.00488
0.48877 0.49946 0.0070102 0.30337 0.070504 -1.6067 0.01487
0.48892 0.49946 0.0067746 0.2873 0.070652 -0.8108 -0.00176
0.48907 0.49946 0.0066176 0.27919 0.070635 -1.207 -0.00416
0.48921 0.49946 0.0064212 0.26712 0.070593 -0.7541 -0.00668
0.48934 0.49946 0.0062642 0.25958 0.070527 -1.5521 0.00686
0.48946 0.49946 0.0060286 0.24406 0.070595 -0.8054 -0.00711
0.48958 0.49946 0.0058716 0.236 0.070524 -1.6032 -0.00273
0.48971 0.49946 0.005636 0.21997 0.070497 -1.1568 -0.0002
0.48982 0.49946 0.0054397 0.20841 0.070495 -1.1557 -0.00609
0.48992 0.49946 0.0052434 0.19685 0.070434 -1.1541 -0.00776
0.49002 0.49946 0.005047 0.18531 0.070356 -1.1521 -0.00929
0.49012 0.49946 0.0048507 0.17379 0.070263 -1.5528 -0.00263
0.49021 0.49946 0.0046152 0.15826 0.070237 -1.1043 -0.00535
0.49029 0.49946 0.0044189 0.14722 0.070183 -1.1007 -0.01071
0.49036 0.49946 0.0042225 0.13621 0.070076 -1.0968 -0.01192
0.49043 0.49946 0.0040262 0.12524 0.069957 -0.6385 -0.01797
0.49049 0.49946 0.0038692 0.11886 0.069778 -0.574 -0.0185
0.49054 0.49946 0.0037121 0.11311 0.069593 -1.014 -0.01132
0.49059 0.49946 0.0035158 0.10297 0.069479 -0.65632 -0.01836
0.49064 0.49946 0.0033588 0.096412 0.069296 -0.69326 -0.02692
0.49069 0.49946 0.0032017 0.089479 0.069027 -0.22507 -0.03164
0.49073 0.49946 0.0030839 0.087229 0.06871 -0.65601 -0.02821
0.49077 0.49946 0.0029269 0.080668 0.068428 -0.64115 -0.02346
0.4908 0.49946 0.0027698 0.074257 0.068193 -0.72805 -0.0267
0.49084 0.49946 0.0026128 0.066976 0.067926 -0.31016 -0.0346
0.49088 0.49946 0.002495 0.063875 0.06758 -0.23555 -0.03454
0.4909 0.49946 0.0023772 0.061519 0.067235 -0.66534 -0.02656
0.49093 0.49946 0.0022201 0.054866 0.066969 -0.24629 -0.02766
0.49095 0.49946 0.0021023 0.052403 0.066693 -0.37485 -0.0354
0.49098 0.49946 0.0019846 0.048655 0.066339 -0.19768 -0.03205
0.49099 0.49946 0.0018668 0.046678 0.066018 -0.32547 -0.02995
0.49101 0.49946 0.001749 0.043423 0.065719 0.10225 -0.03674
0.49102 0.49946 0.0016705 0.044445 0.065351 -0.31849 -0.03428
0.49104 0.49946 0.0015527 0.041261 0.065009 0.1096 -0.03327
0.49105 0.49946 0.0014741 0.042357 0.064676 -0.31075 -0.03116
0.49106 0.49946 0.0013564 0.039249 0.064364 0.06665 -0.03177
0.49107 0.49946 0.0012778 0.039916 0.064047 0.04931 -0.03512
0.49108 0.49946 0.0011993 0.040409 0.063695 0.08306 -0.03299
0.49108 0.49946 0.0011208 0.041239 0.063366 -0.43907 -0.02984
0.4911 0.49946 0.001003 0.036849 0.063067 0.0401 -0.03012
0.49111 0.49946 0.00092446 0.03725 0.062766 -0.079 -0.03327
0.49112 0.49946 0.00084594 0.03646 0.062433 -0.04565 -0.0337
0.49113 0.49946 0.00076741 0.036003 0.062096 -0.06298 -0.03165
0.49114 0.49946 0.00068889 0.035373 0.06178 -0.18248 -0.03304
0.49116 0.49946 0.00061036 0.033549 0.061449 -0.04734 -0.03145
0.49117 0.49946 0.00053184 0.033075 0.061135 -0.16645 -0.02919
0.49118 0.49946 0.00045331 0.031411 0.060843 -0.13309 -0.02976
0.49119 0.49946 0.00037479 0.03008 0.060545 -0.15043 -0.02793
0.4912 0.49946 0.00029626 0.028575 0.060266 -0.16776 -0.02731
0.49121 0.49946 0.00021773 0.026898 0.059993 -0.18509 -0.02671
0.49122 0.49946 0.00013921 0.025047 0.059726 0.25168 -0.02759
0.49123 0.49946 9.9947e-05 0.027564 0.05945 0.24301 -0.02808
0.49123 0.49946 6.0684e-05 0.029994 0.059169 -0.21977 -0.0255
0.49124 0.49946 -1.7841e-05 0.027796 0.058914 0.26809 -0.02359
0.49124 0.49946 -5.7104e-05 0.030477 0.058678 0.15765 -0.02472
0.49125 0.49946 -9.6366e-05 0.032053 0.058431 -0.25443 -0.02374
0.49126 0.49946 -0.00017489 0.029509 0.058194 0.02911 -0.0235
0.49128 0.49946 -0.00021415 0.0298 0.057959 0.12144 -0.02515
0.49129 0.49946 -0.00025342 0.031015 0.057707 -0.34172 -0.02145
0.4913 0.49946 -0.00033194 0.027598 0.057493 0.04359 -0.02076
0.49132 0.49946 -0.00037121 0.028033 0.057285 -0.01692 -0.02229
0.49134 0.49946 -0.00041047 0.027864 0.057062 0.07541 -0.02127
0.49135 0.49946 -0.00044973 0.028618 0.056849 0.06636 -0.01872
0.49136 0.49946 -0.00048899 0.029282 0.056662 0.05731 -0.01787
0.49137 0.49946 -0.00052826 0.029855 0.056483 -0.00282 -0.01741
0.49139 0.49946 -0.00056752 0.029827 0.056309 0.39078 -0.01803
0.4914 0.49946 -0.00056752 0.033735 0.056129 -0.06449 -0.01821
0.49142 0.49946 -0.00060678 0.03309 0.055947 0.02784 -0.01577
0.49143 0.49946 -0.00064605 0.033368 0.055789 0.37075 -0.01463
0.49145 0.49946 -0.00064605 0.037076 0.055643 -0.03344 -0.01551
0.49146 0.49946 -0.00068531 0.036741 0.055488 0.30908 -0.01366
0.49148 0.49946 -0.00068531 0.039832 0.055351 0.30754 -0.01454
0.4915 0.49946 -0.00068531 0.042907 0.055206 -0.09704 -0.0136
0.49152 0.49946 -0.00072457 0.041937 0.05507 0.29618 -0.01162
0.49154 0.49946 -0.00072457 0.044899 0.054954 0.24356 -0.01211
0.49156 0.49946 -0.00072457 0.047334 0.054833 -0.11033 -0.01201
0.49158 0.49946 -0.00076383 0.046231 0.054712 0.23181 -0.00961
0.49161 0.49946 -0.00076383 0.048549 0.054616 0.22989 -0.01047
0.49163 0.49946 -0.00076383 0.050848 0.054512 0.17688 -0.00968
0.49167 0.49946 -0.00076383 0.052617 0.054415 0.12349 -0.00926
0.4917 0.49946 -0.00076383 0.053852 0.054322 0.22295 -0.00929
0.49173 0.49946 -0.00076383 0.056081 0.054229 -0.28416 -0.00804
0.49176 0.49946 -0.0008031 0.05324 0.054149 0.21005 -0.00725
0.49179 0.49946 -0.0008031 0.05534 0.054076 0.15704 -0.00694
0.49182 0.49946 -0.0008031 0.056911 0.054007 0.20581 -0.00695
0.49184 0.49946 -0.0008031 0.058969 0.053938 0.15281 -0.00601
0.49187 0.49946 -0.0008031 0.060497 0.053878 0.1505 -0.00592
0.4919 0.49946 -0.0008031 0.062002 0.053818 0.09711 -0.00536
0.49194 0.49946 -0.0008031 0.062973 0.053765 0.14549 -0.00547
0.49196 0.49946 -0.0008031 0.064428 0.05371 0.09211 -0.00464
0.492 0.49946 -0.0008031 0.065349 0.053664 0.54352 -0.00408
0.49203 0.49946 -0.00076383 0.070784 0.053623 0.09537 -0.00462
0.49206 0.49946 -0.00076383 0.071738 0.053577 0.09268 -0.00388
0.4921 0.49946 -0.00076383 0.072665 0.053538 0.03891 -0.00341
0.49214 0.49946 -0.00076383 0.073054 0.053504 0.43886 -0.00257
0.49218 0.49946 -0.00072457 0.077442 0.053478 0.04102 -0.00365
0.49222 0.49946 -0.00072457 0.077853 0.053442 0.44099 -0.0021
0.49226 0.49946 -0.00068531 0.082262 0.053421 0.04314 -0.00317
0.4923 0.49946 -0.00068531 0.082694 0.053389 0.39202 -0.00147
0.49234 0.49946 -0.00064605 0.086614 0.053374 0.04487 -0.00298
0.49239 0.49946 -0.00064605 0.087063 0.053344 0.39375 -0.00113
0.49243 0.49946 -0.00060678 0.091 0.053333 0.34749 -0.00068
0.49248 0.49946 -0.00056752 0.094475 0.053326 -4e-05 -0.00229
0.49252 0.49946 -0.00056752 0.094475 0.053303 0.39953 -0.00082
0.49257 0.49946 -0.00052826 0.09847 0.053295 0.3533 -0.0004
0.49262 0.49946 -0.00048899 0.102 0.053291 0.0057 -0.00192
0.49267 0.49946 -0.00048899 0.10206 0.053272 0.3031 -0.00014
0.49272 0.49946 -0.00044973 0.10509 0.05327 0.4094 -0.0006
0.49277 0.49946 -0.00041047 0.10919 0.053264 0.312 0.00013
0.49282 0.49946 -0.00037121 0.11231 0.053266 0.0152 -0.00173
0.49286 0.49946 -0.00037121 0.11246 0.053248 0.3125 2e-05
0.49292 0.49946 -0.00033194 0.11558 0.053249 0.2656 0.00073
0.49298 0.49946 -0.00029268 0.11824 0.053256 0.2692 0.00075
0.49304 0.49946 -0.00025342 0.12093 0.053263 0.2218 0.00107
0.49311 0.49946 -0.00021415 0.12315 0.053274 -0.178 -0.00018
0.49317 0.49946 -0.00021415 0.12137 0.053272 0.2201 0.00068
0.49323 0.49946 -0.00017489 0.12357 0.053279 -0.1798 -0.00016
0.4933 0.49946 -0.00017489 0.12177 0.053278 0.2184 0.00066
0.49336 0.49946 -0.00013563 0.12395 0.053284 -0.1815 -0.00013
0.49343 0.49946 -0.00013563 0.12214 0.053283 0.2166 0.00064
0.4935 0.49946 -9.6366e-05 0.12431 0.053289 -0.1832 -0.00012
0.49356 0.49946 -9.6366e-05 0.12247 0.053288 0.2659 0.00036
0.49362 0.49946 -5.7104e-05 0.12513 0.053292 0.2185 0.00089
0.49368 0.49946 -1.7841e-05 0.12732 0.053301 -0.1812 -0.00016
0.49375 0.49946 -1.7841e-05 0.12551 0.053299 0.2678 0.00027
0.49381 0.49946 2.1422e-05 0.12818 0.053302 -0.1315 -0.00046
0.49387 0.49946 2.1422e-05 0.12687 0.053297 0.2669 0.00016
0.49393 0.49946 6.0684e-05 0.12954 0.053299 0.3216 0.0002
0.49399 0.49946 9.9947e-05 0.13275 0.053301 -0.1795 -0.00015
0.49405 0.49946 9.9947e-05 0.13096 0.053299 0.2185 0.00043
0.49412 0.49946 0.00013921 0.13314 0.053303 0.2217 0.00087
0.49418 0.49946 0.00017847 0.13536 0.053312 0.174 0.00106
0.49425 0.49946 0.00021773 0.1371 0.053323 -0.2262 0.00013
0.49432 0.49946 0.00021773 0.13484 0.053324 0.2226 0.00033
0.49439 0.49946 0.000257 0.13706 0.053327 -0.2794 0.00033
0.49446 0.49946 0.000257 0.13427 0.053331 0.22 0.00045
0.49452 0.49946 0.00029626 0.13647 0.053335 -0.2308 2e-05
0.4946 0.49946 0.00029626 0.13416 0.053335 0.2179 0.00024
0.49466 0.49946 0.00033552 0.13634 0.053338 -0.1818 -0.00025
0.49473 0.49946 0.00033552 0.13452 0.053335 0.2162 5e-05
0.49479 0.49946 0.00037479 0.13669 0.053336 -0.2347 4e-05
0.49486 0.49946 0.00037479 0.13434 0.053336 0.2651 4e-05
0.49492 0.49946 0.00041405 0.13699 0.053337 0.1667 0.00051
0.49499 0.49946 0.00045331 0.13866 0.053342 -0.2335 6e-05
0.49506 0.49946 0.00045331 0.13632 0.053342 -0.1879 -0.00033
0.49512 0.49946 0.00045331 0.13444 0.053339 0.1592 4e-05
0.49519 0.49946 0.00049257 0.13603 0.053339 -0.19 -0.00014
0.49526 0.49946 0.00049257 0.13414 0.053338 0.2081 -9e-05
0.49533 0.49946 0.00053184 0.13622 0.053337 -0.1917 -0.00017
0.49539 0.49946 0.00053184 0.1343 0.053335 0.2064 -0.0001
0.49545 0.49946 0.0005711 0.13636 0.053334 -0.1935 -0.00015
0.49552 0.49946 0.0005711 0.13443 0.053333 -0.1984 -0.00031
0.49558 0.49946 0.0005711 0.13244 0.05333 0.2507 -0.00015
0.49565 0.49946 0.00061036 0.13495 0.053328 -0.1998 -0.00015
0.49571 0.49946 0.00061036 0.13295 0.053327 0.1472 -5e-05
0.49578 0.49946 0.00064963 0.13442 0.053326 -0.1508 -0.00022
0.49584 0.49946 0.00064963 0.13292 0.053324 -0.2065 -0.00035
0.4959 0.49946 0.00064963 0.13085 0.053321 0.1915 -8e-05
0.49597 0.49946 0.00068889 0.13277 0.05332 -0.2594 0.00016
0.49604 0.49946 0.00068889 0.13017 0.053321 -0.3158 2e-05
0.49611 0.49946 0.00068889 0.12701 0.053322 -0.2194 -4e-05
0.49618 0.49946 0.00068889 0.12482 0.053321 -0.1733 -0.00027
0.49624 0.49946 0.00068889 0.12309 0.053318 0.225 -0.0003
0.4963 0.49946 0.00072815 0.12534 0.053316 -0.1232 -0.00027
0.49635 0.49946 0.00072815 0.12411 0.053313 -0.1275 -0.0003
0.49641 0.49946 0.00072815 0.12283 0.05331 -0.1828 -0.00033
0.49647 0.49946 0.00072815 0.121 0.053306 -0.2385 -0.00024
0.49654 0.49946 0.00072815 0.11862 0.053304 0.2106 2e-05
0.4966 0.49946 0.00076741 0.12072 0.053304 -0.1376 -0.00016
0.49665 0.49946 0.00076741 0.11935 0.053303 -0.193 -0.00032
0.49671 0.49946 0.00076741 0.11742 0.053299 -0.1466 -0.0002
0.49677 0.49946 0.00076741 0.11595 0.053297 -0.2019 -0.00028
0.49683 0.49946 0.00076741 0.11393 0.053295 -0.1554 -0.00016
0.49688 0.49946 0.00076741 0.11238 0.053293 -0.1085 -0.00017
0.49693 0.49946 0.00076741 0.11129 0.053291 -0.1125 -0.00018
0.49698 0.49946 0.00076741 0.11017 0.05329 -0.1162 -0.00018
0.49703 0.49946 0.00076741 0.10901 0.053288 -0.0691 -9e-05
0.49707 0.49946 0.00076741 0.10832 0.053287 -0.1236 -0.00021
0.49712 0.49946 0.00076741 0.10708 0.053285 -0.1274 -0.00016
0.49717 0.49946 0.00076741 0.10581 0.053283 -0.1313 -0.00016
0.49722 0.49946 0.00076741 0.10449 0.053282 -0.0841 -9e-05
0.49727 0.49946 0.00076741 0.10365 0.053281 -0.1386 -0.0002
0.49732 0.49946 0.00076741 0.10227 0.053279 0.0108 4e-05
0.49735 0.49946 0.00076741 0.10237 0.053279 0.3089 -0.00071
0.4974 0.49946 0.00080668 0.10546 0.053272 -0.0382 -8e-05
0.49744 0.49946 0.00080668 0.10508 0.053271 -0.0923 -7e-05
0.49749 0.49946 0.00080668 0.10416 0.05327 -0.1469 -0.00018
0.49754 0.49946 0.00080668 0.10269 0.053269 -0.0997 -4e-05
0.49758 0.49946 0.00080668 0.10169 0.053268 -0.1542 -0.00018
0.49763 0.49946 0.00080668 0.10015 0.053267 -0.10698 -4e-05
0.49767 0.49946 0.00080668 0.09908 0.053266 -0.11046 -8e-05
0.49772 0.49946 0.00080668 0.097976 0.053265 -0.11392 -8e-05
0.49777 0.49946 0.00080668 0.096836 0.053264 -0.06632 2e-05
0.4978 0.49946 0.00080668 0.096173 0.053265 -0.12047 -0.00014
0.49785 0.49946 0.00080668 0.094968 0.053263 -0.07286 1e-05
0.49789 0.49946 0.00080668 0.09424 0.053263 -0.12702 -0.00015
0.49794 0.49946 0.00080668 0.09297 0.053262 -0.07941 0
0.49798 0.49946 0.00080668 0.092176 0.053262 -0.08249 -2e-05
0.49801 0.49946 0.00080668 0.091351 0.053262 -0.08558 -4e-05
0.49806 0.49946 0.00080668 0.090495 0.053261 -0.13973 -0.00017
0.4981 0.49946 0.00080668 0.089098 0.05326 -0.49516 0.00023
0.49814 0.49946 0.00076741 0.084146 0.053262 -0.00133 0.00034
0.49817 0.49946 0.00076741 0.084133 0.053265 -0.10579 -0.00017
0.49821 0.49946 0.00076741 0.083075 0.053264 -0.0578 1e-05
0.49824 0.49946 0.00076741 0.082497 0.053264 -0.41246 0.00058
0.49828 0.49946 0.00072815 0.078372 0.053269 -0.17324 -0.0007
0.49832 0.49946 0.00072815 0.07664 0.053262 0.0276 6e-05
0.49834 0.49946 0.00072815 0.076916 0.053263 -0.07648 -7e-05
0.49838 0.49946 0.00072815 0.076151 0.053262 -0.43114 0.00044
0.49841 0.49946 0.00068889 0.07184 0.053267 -0.03869 0.0001
0.49844 0.49946 0.00068889 0.071453 0.053268 -0.44404 0.00045
0.49847 0.49946 0.00064963 0.067012 0.053272 -0.10267 -0.00027
0.4985 0.49946 0.00064963 0.065986 0.05327 -0.10537 -0.0001
0.49854 0.49946 0.00064963 0.064932 0.053269 0.04517 0.00012
0.49856 0.49946 0.00064963 0.065384 0.05327 -0.46157 0.00057
0.49859 0.49946 0.00061036 0.060768 0.053276 -0.01804 0.0001
0.49861 0.49946 0.00061036 0.060588 0.053276 -0.01997 2e-05
0.49864 0.49946 0.00061036 0.060388 0.053277 -0.42493 0.00042
0.49867 0.49946 0.0005711 0.056139 0.053281 -0.0321 1e-05
0.49869 0.49946 0.0005711 0.055817 0.053281 -0.0851 -0.00018
0.49872 0.49946 0.0005711 0.054967 0.053279 -0.3883 0.00021
0.49874 0.49946 0.00053184 0.051083 0.053281 -0.04615 -8e-05
0.49877 0.49946 0.00053184 0.050622 0.053281 0.00299 0
0.49878 0.49946 0.00053184 0.050652 0.053281 0.00145 4e-05
0.4988 0.49946 0.00053184 0.050666 0.053281 -9e-05 3e-05
0.49883 0.49946 0.00053184 0.050666 0.053281 -0.40466 0.00044
0.49884 0.49946 0.00049257 0.046619 0.053286 -0.01145 5e-05
0.49887 0.49946 0.00049257 0.046504 0.053286 -0.01299 -6e-05
0.49889 0.49946 0.00049257 0.046374 0.053285 -0.01453 -5e-05
0.4989 0.49946 0.00049257 0.046229 0.053285 -0.36804 0.0004
0.49892 0.49946 0.00045331 0.042549 0.053289 -0.02551 -5e-05
0.49894 0.49946 0.00045331 0.042294 0.053289 0.07511 8e-05
0.49895 0.49946 0.00045331 0.043045 0.053289 0.07433 0.00027
0.49896 0.49946 0.00045331 0.043788 0.053292 0.07357 0.00025
0.49897 0.49946 0.00045331 0.044524 0.053295 -0.38133 0.0006
0.49899 0.49946 0.00041405 0.04071 0.053301 0.01228 5e-05
0.499 0.49946 0.00041405 0.040833 0.053301 -0.03995 -0.00022
0.49902 0.49946 0.00041405 0.040434 0.053299 -0.04149 -0.0002
0.49904 0.49946 0.00041405 0.040019 0.053297 -0.44607 2e-05
0.49906 0.49946 0.00037479 0.035558 0.053297 -0.05285 -0.00024
0.49908 0.49946 0.00037479 0.03503 0.053295 -0.05439 -0.00018
0.4991 0.49946 0.00037479 0.034486 0.053293 0.04622 -8e-05
0.49911 0.49946 0.00037479 0.034948 0.053292 -0.00563 -7e-05
0.49912 0.49946 0.00037479 0.034892 0.053291 -0.00679 -0.0001
0.49914 0.49946 0.00037479 0.034824 0.05329 -0.3599 0.00027
0.49915 0.49946 0.00033552 0.031225 0.053293 0.03409 0.00018
0.49916 0.49946 0.00033552 0.031566 0.053295 0.03332 -1e-05
0.49917 0.49946 0.00033552 0.031899 0.053295 0.03254 -2e-05
0.49918 0.49946 0.00033552 0.032224 0.053295 0.08285 0.0001
0.49918 0.49946 0.00033552 0.033053 0.053296 0.08247 0.00019
0.49919 0.49946 0.00033552 0.033877 0.053297 0.03101 1e-05
0.4992 0.49946 0.00033552 0.034188 0.053297 -0.32173 0.00042
0.49921 0.49946 0.00029626 0.03097 0.053302 -0.02951 -0.00021
0.49922 0.49946 0.00029626 0.030675 0.0533 0.12257 -5e-05
0.49922 0.49946 0.00029626 0.031901 0.053299 0.07149 0.00018
0.49922 0.49946 0.00029626 0.032616 0.053301 -0.03105 -0.00021
0.49924 0.49946 0.00029626 0.032305 0.053299 0.12103 -5e-05
0.49924 0.49946 0.00029626 0.033516 0.053298 0.01887 -1e-05
0.49925 0.49946 0.00029626 0.033704 0.053298 0.0181 -0.0001
0.49926 0.49946 0.00029626 0.033885 0.053297 0.06841 0
0.49927 0.49946 0.00029626 0.034569 0.053297 -0.03413 -0.00019
0.49928 0.49946 0.00029626 0.034228 0.053295 0.0158 -0.00013
0.49929 0.49946 0.00029626 0.034386 0.053294 -0.03606 -0.00017
0.4993 0.49946 0.00029626 0.034026 0.053292 -0.03721 -0.00015
0.49932 0.49946 0.00029626 0.033653 0.053291 -0.08944 -0.00018
0.49934 0.49946 0.00029626 0.032759 0.053289 -0.03991 -0.00011
0.49935 0.49946 0.00029626 0.03236 0.053288 -0.04106 -0.00012
0.49937 0.49946 0.00029626 0.031949 0.053287 -0.04222 -0.00012
0.49939 0.49946 0.00029626 0.031527 0.053285 -0.04337 -0.00011
0.4994 0.49946 0.00029626 0.031093 0.053284 0.00655 -7e-05
0.49941 0.49946 0.00029626 0.031159 0.053284 0.00577 -3e-05
0.49942 0.49946 0.00029626 0.031217 0.053283 0.00501 -4e-05
0.49943 0.49946 0.00029626 0.031267 0.053283 0.00424 -4e-05
0.49944 0.49946 0.00029626 0.031309 0.053283 -0.09869 -0.0002
0.49946 0.49946 0.00029626 0.030322 0.053281 0.053 -8e-05
0.49946 0.49946 0.00029626 0.030852 0.05328 -0.04954 -0.00013
0.49948 0.49946 0.00029626 0.030357 0.053278 -0.10176 -0.0001
0.4995 0.49946 0.00029626 0.029339 0.053277 -0.00116 -5e-05
0.49951 0.49946 0.00029626 0.029328 0.053277 -0.00193 -1e-05
0.49952 0.49946 0.00029626 0.029308 0.053277 -0.40573 0.00022
0.49953 0.49946 0.000257 0.025251 0.053279 -0.06283 -0.00022
0.49955 0.49946 0.000257 0.024623 0.053277 0.03818 -2e-05
0.49955 0.49946 0.000257 0.025004 0.053277 -0.01329 -3e-05
0.49956 0.49946 0.000257 0.024872 0.053276 0.03701 3e-05
0.49956 0.49946 0.000257 0.025242 0.053277 0.03664 7e-05
0.49957 0.49946 0.000257 0.025608 0.053277 -0.01483 -3e-05
0.49958 0.49946 0.000257 0.02546 0.053277 0.08655 7e-05
0.49958 0.49946 0.000257 0.026325 0.053278 0.08655 0.00026
0.49958 0.49946 0.000257 0.027191 0.05328 0.03548 9e-05
0.49959 0.49946 0.000257 0.027546 0.053281 0.03509 4e-05
0.49959 0.49946 0.000257 0.027897 0.053282 0.03471 3e-05
