0.0000000000000000e+00 9.2950704202604117e-01 2.1497595057250400e-02 1.7275255041028396e-14 
1.0000000000000000e+00 -1.1052658709780734e+00 4.5891022757058385e-02 -1.5718072450293166e-14 
2.0000000000000000e+00 2.2170193536950262e+00 3.3895029232235127e-02 -1.3444575319170165e-07 
3.0000000000000000e+00 -7.6990213322372958e-01 1.3410542300117394e-02 1.3444577723498734e-07 
4.0000000000000000e+00 1.1356389707879593e+00 2.1895937340815273e-02 -3.1323254928315566e-14 
5.0000000000000000e+00 -1.4199039031438978e+00 -2.8639032753043761e-02 -3.1291421241139354e-03 
6.0000000000000000e+00 2.5980562006066266e+00 -3.0748547008340742e-02 3.1291421241825793e-03 
7.0000000000000000e+00 -3.2055355556752745e+00 -3.5022730360155956e-02 -5.9516227920490235e-14 
8.0000000000000000e+00 1.8664240579092279e+00 -2.9056828452080061e-02 -7.8664510147533118e-16 
9.0000000000000000e+00 5.2207563085365116e-01 -5.5396148191538340e-02 5.1063481940732568e-14 
1.0000000000000000e+01 -5.3800804632796206e-01 -6.5000000000000002e-02 -2.2452952995666503e-14 
1.1000000000000000e+01 4.1888751093267923e-01 -4.9308757253733251e-02 -2.6670403950037083e-14 
1.2000000000000000e+01 -2.6481653105561018e+00 8.9911808206812657e-03 9.4763914682476692e-15 
1.3000000000000000e+01 7.8013832105994378e+00 4.0008602937787116e-02 7.2987457268662696e-14 
1.4000000000000000e+01 -1.7143066628923012e+01 3.8113314683375414e-02 -1.4000000000000321e+00 
1.5000000000000000e+01 -2.5000000000000000e+01 3.4150366039389028e-02 -5.4721937411896859e-14 
1.6000000000000000e+01 9.3408554714173775e+00 2.7992699536779710e-02 1.8150400978417483e-01 
1.7000000000000000e+01 2.5000000000000000e+01 7.3257533134032530e-03 1.2184959902158268e+00 
1.8000000000000000e+01 1.4960070541823448e+01 -2.9427311203553106e-02 2.8846563187843327e-01 

