0.0000000000000000e+00 1.8264164528775887e+03 -5.1770453309520573e-03 1.2706440287266794e+00 2.1977888424944396e+00 3.1840786108641383e-03 -3.8281200674676448e-02 0.0000000000000000e+00 -1.0372313936413566e-02 1.4999999999999616e+00 0.0000000000000000e+00 
1.0000000000000000e+00 1.8290789952410958e+03 -1.2274222960182710e-03 1.2335504843800105e+00 3.1272958845204801e+00 3.4890483457544132e-03 -3.5668571276845362e-02 2.3114549257122786e-03 1.1125281120836836e-02 1.4999999999999787e+00 -6.4234074692560128e+00 
2.0000000000000000e+00 1.8316536581901275e+03 -1.7834649114769332e-03 1.1986020523902956e+00 2.0220300135424059e+00 -7.2486109615651590e-03 -3.4513222029422884e-02 -4.6154984030840403e-02 5.7016303877895233e-02 1.4999999999999618e+00 -1.1919791081294161e+01 
3.0000000000000000e+00 1.8347841978805168e+03 -1.9581598276086208e-02 1.1686905531904670e+00 4.2390493672374312e+00 -2.8033676435615173e-02 -2.1616637459998936e-02 -1.5866394837623940e-01 9.0911333110130305e-02 1.4999998655542086e+00 -1.8498651324896706e+01 
4.0000000000000000e+00 1.8386382961811423e+03 -5.3906954825839355e-02 1.1601811870123275e+00 3.4691472340137035e+00 -3.7689824951772026e-02 6.1350561730176738e-03 -2.8888894266615345e-01 1.0432187541024768e-01 1.4999999999999865e+00 -2.5799503962315445e+01 
5.0000000000000000e+00 1.8426752629005503e+03 -8.4869751091881176e-02 1.1820198450522190e+00 4.6047862048016626e+00 -1.8112623699304331e-02 3.5172977548548402e-02 -4.3752229867970160e-01 1.2621781275106286e-01 1.4999999999999547e+00 -3.4039398911650395e+01 
6.0000000000000000e+00 1.8465700971537797e+03 -8.5079444521277886e-02 1.2213955012407061e+00 3.1848823016577663e+00 1.6729940601148768e-02 3.9262933724632333e-02 -5.7731512588603906e-01 9.7578779998019172e-02 1.4968708578758403e+00 -4.2841222028298006e+01 
7.0000000000000000e+00 1.8510540075557408e+03 -5.7724523793415784e-02 1.2534627739948097e+00 5.7829385022643915e+00 3.3124667077926308e-02 2.3630434551928377e-02 -6.6458752246825603e-01 6.6830232989678384e-02 1.5000000000000231e+00 -5.3876826063581433e+01 
8.0000000000000000e+00 1.8552341782801673e+03 -2.2748377725284898e-02 1.2720403889331440e+00 2.5774029465891171e+00 3.7511410550288518e-02 1.5733542451543469e-02 -7.0000000000001261e-01 3.1807502629522422e-02 1.4999999999999634e+00 -6.2998108215248372e+01 
9.0000000000000000e+00 1.8587447932557118e+03 1.5784759755760127e-02 1.2873349892285653e+00 4.4438270044983419e+00 3.7610663289706928e-02 1.5775170846180825e-02 -6.9999999999998896e-01 2.7506741774423970e-03 1.4999999999999625e+00 -7.1629611183457314e+01 
1.0000000000000000e+01 1.8634496580756374e+03 4.9735564605033825e-02 1.3068672633562284e+00 4.9659026353519939e+00 2.8799756320883108e-02 2.5040992011883412e-02 -6.4930093395239230e-01 -5.2645474014095986e-02 1.5000000000000140e+00 -8.2038794789105097e+01 
1.1000000000000000e+01 1.8681465566878251e+03 6.8599443380688227e-02 1.3389071967223978e+00 4.4278945890240351e+00 5.4395004145526690e-03 3.8008972112476072e-02 -5.3583126139226067e-01 -1.1764547401409597e-01 1.4999999999999916e+00 -9.1756737219292134e+01 
1.2000000000000000e+01 1.8727838950323157e+03 5.5916528734090767e-02 1.3736898639091255e+00 4.8467820999567133e+00 -2.9277248920374317e-02 2.4522894898200056e-02 -3.7418006738631848e-01 -1.6695423126782921e-01 1.4999999999999654e+00 -1.0184558772209972e+02 
1.3000000000000000e+01 1.8763065944769942e+03 2.0656902326691255e-02 1.3797726994918216e+00 2.1986167894006061e+00 -3.4924893549699049e-02 -1.2986143552698913e-02 -2.0655110075347705e-01 -1.5796305044714798e-01 1.4999999999999736e+00 -1.0947853568121842e+02 
1.4000000000000000e+01 1.8824059028716943e+03 -1.3811394376716114e-03 1.3569286334445194e+00 1.0000000000000034e+01 -8.6182103603995065e-03 -2.3776671440323745e-02 -6.8551911649529923e-02 -1.1795444750936093e-01 1.5000000000000464e+00 -1.1947390674602546e+02 
1.5000000000000000e+01 1.8838343695572323e+03 -5.1026295630550019e-03 1.3347865676816817e+00 -7.1430666289229690e+00 -1.4828021573276384e-03 -2.0976581656080129e-02 -2.4439265254581122e-02 -7.9841132825985539e-02 1.0000000000001469e-01 -1.2121994740054183e+02 
1.6000000000000000e+01 1.8641913029283094e+03 -6.1788444405404168e-03 1.3169900225533739e+00 -3.2143066628922945e+01 -6.9794707096734970e-04 -1.5771694967369392e-02 -2.0246164071717171e-02 -4.5690766786596552e-02 9.9999999999959982e-02 -1.1740752824566270e+02 
1.7000000000000000e+01 1.8367186640350951e+03 -6.4652470336633086e-03 1.3000799766811131e+00 -2.2802211157505560e+01 1.3432950255971957e-04 -1.9622276001518477e-02 -1.2118114380632398e-02 -1.7698067249816818e-02 2.8150400978413509e-01 -1.1504530940574833e+02 
1.8000000000000000e+01 1.8264164528775887e+03 -5.1770453309520625e-03 1.2706440287266794e+00 2.1977888424944396e+00 3.1840786108641352e-03 -3.8281200674676448e-02 -1.9626486208780107e-07 -1.0372313936413564e-02 1.4999999999999616e+00 -1.0901865654196597e+02 

