0.0000000000000000e+00 3.2300848803201532e+01 
2.3999999999999999e+00 4.0000000000000000e+01 
4.7999999999999998e+00 4.0000000000000000e+01 
7.2000000000000002e+00 4.0000000000000000e+01 
9.5999999999999996e+00 4.0000000000000000e+01 
1.2000000000000000e+01 4.0000000000000000e+01 
1.4400000000000000e+01 4.0000000000000000e+01 
1.6800000000000001e+01 4.0000000000000000e+01 
1.9199999999999999e+01 2.9999999689034844e+01 
2.1600000000000001e+01 2.8699999999999999e+01 
2.4000000000000000e+01 2.8699999999999999e+01 
2.6399999999999999e+01 2.8699999999999999e+01 
2.8800000000000001e+01 2.8699999999999999e+01 
3.1199999999999999e+01 2.8699999999999999e+01 
3.3600000000000001e+01 2.8699999999999999e+01 
3.6000000000000000e+01 2.8699999999999999e+01 
3.8399999999999999e+01 2.8699999999999999e+01 
4.0799999999999997e+01 2.8699999999999996e+01 
4.3200000000000003e+01 2.8699999999999999e+01 
4.5600000000000001e+01 2.8699999999999999e+01 
4.8000000000000000e+01 2.8699999999999999e+01 

