0.0000000000000000e+00 5.9615632779972882e+00 1.2006457561713264e+01 2.2010737011612008e+01 -1.0181906832562608e-03 2.5757544483662431e-18 
2.3999999999999999e+00 6.1154548631441115e+00 1.3251414153937425e+01 2.2098315406156654e+01 7.7521018937000406e+01 7.9392989007207211e+00 
4.7999999999999998e+00 6.1460089950729078e+00 1.6639671646796060e+01 2.2029369192100273e+01 1.7352101893700038e+02 1.5891431173667337e+01 
7.2000000000000002e+00 6.0459209085240833e+00 1.9307084230751741e+01 2.1696259015016931e+01 2.6952101893700035e+02 2.3768706905895595e+01 
9.5999999999999996e+00 5.8741294285502654e+00 2.1422974132398501e+01 2.1182267823140723e+01 3.6552101893700046e+02 3.1491087965493389e+01 
1.2000000000000000e+01 5.6696275866612202e+00 2.3110793242040277e+01 2.0560194093987022e+01 4.6152101893700058e+02 3.9007040279353873e+01 
1.4400000000000000e+01 5.4563176258065411e+00 2.4464926089635473e+01 1.9885877635925016e+01 5.5752101893700069e+02 4.6288221044083492e+01 
1.6800000000000001e+01 5.2479325829291028e+00 2.5558579581013642e+01 1.9199119271821662e+01 6.5352101893700058e+02 5.3323428390801482e+01 
1.9199999999999999e+01 5.0517360993625964e+00 2.6448622077266137e+01 1.8526640201529293e+01 7.4952101893700024e+02 6.0113336967882880e+01 
2.1600000000000001e+01 4.9213217470547406e+00 2.4030149821941031e+01 1.8003460322988882e+01 8.2152101819068378e+02 6.6680771148918410e+01 
2.4000000000000000e+01 4.8927203932925831e+00 2.1793858168145839e+01 1.7745426573265384e+01 8.9040101819068377e+02 7.3107660473243584e+01 
2.6399999999999999e+01 4.9449350475946670e+00 2.0053233954806611e+01 1.7730752933394630e+01 9.5928101819068377e+02 7.9486683274802729e+01 
2.8800000000000001e+01 5.0558608022082003e+00 1.8652604037829612e+01 1.7918640694233197e+01 1.0281610181906838e+03 8.5898107016972588e+01 
3.1199999999999999e+01 5.2082880747365623e+00 1.7487828312582288e+01 1.8268899896056073e+01 1.0970410181906836e+03 9.2407584140780543e+01 
3.3600000000000001e+01 5.3881974301063851e+00 1.6491282892825748e+01 1.8742850509135611e+01 1.1659210181906835e+03 9.9066551553404381e+01 
3.6000000000000000e+01 5.5837676741333979e+00 1.5620888893735071e+01 1.9303860051484634e+01 1.2348010181906834e+03 1.0591287559500692e+02 
3.8399999999999999e+01 5.7848735895987629e+00 1.4851983696482311e+01 1.9917847164961778e+01 1.3036810181906833e+03 1.1297167785294954e+02 
4.0799999999999997e+01 5.9829089371855941e+00 1.4171216201479432e+01 2.0553886321073488e+01 1.3725610181906832e+03 1.2025635877020663e+02 
4.3200000000000003e+01 6.1708016042685498e+00 1.3571941117091502e+01 2.1184908522217366e+01 1.4414410181906831e+03 1.2776985809932846e+02 
4.5600000000000001e+01 6.3431055511336059e+00 1.3050802233377306e+01 2.1788395295728627e+01 1.5103210181906829e+03 1.3550617051636902e+02 
4.8000000000000000e+01 6.4960724965750600e+00 1.2605329819643488e+01 2.2346915042805559e+01 1.5792010181906828e+03 1.4345208742081729e+02 

