0.0000000000000000e+00 1.5862461986409171e+00 1.4902492591136915e-02 2.2292400910763355e-15 
1.0000000000000000e+00 -7.2369497000579963e-01 3.7502070427674457e-02 6.4658462852617699e-16 
2.0000000000000000e+00 1.0442758824989382e+00 3.9935788262918208e-02 -5.5218988972523445e-16 
3.0000000000000000e+00 1.4986395229856730e-01 2.3139112879601999e-02 -2.1075767958228698e-16 
4.0000000000000000e+00 1.3507014172853231e+00 -6.3782955109538296e-03 2.3004067509827502e-16 
5.0000000000000000e+00 -2.4257284003308084e+00 -2.5128262651301143e-02 -1.0043131113367291e-15 
6.0000000000000000e+00 1.7126640629631376e+00 -3.6603166394905719e-02 8.2764750080392367e-17 
7.0000000000000000e+00 -1.3512197212560446e+00 -2.8216849330020451e-02 3.9963601248914286e-16 
8.0000000000000000e+00 5.5022061922084775e-01 -2.2844142643260623e-02 -1.3778794092306560e-15 
9.0000000000000000e+00 4.8754290323112498e-01 -3.8904119555630057e-02 1.0559950985217142e-15 
1.0000000000000000e+01 1.9862420193380798e-01 -3.7691751574459705e-02 -1.5112464100380810e-15 
1.1000000000000000e+01 4.1086885635277037e-01 -2.0787333260822331e-02 2.6260805936727097e-15 
1.2000000000000000e+01 -2.8271027202199694e+00 2.1411915733006450e-03 -2.5697262818216636e-15 
1.3000000000000000e+01 7.9568399675889809e+00 1.4767608800301566e-02 2.2059803902673453e-15 
1.4000000000000000e+01 -1.6522299696576539e+01 2.5464910860923461e-02 -1.4000000000000064e+00 
1.5000000000000000e+01 -2.5000000000000000e+01 2.5417236615991989e-02 -9.7257240759810876e-16 
1.6000000000000000e+01 8.4021974463749363e+00 2.2051347957897025e-02 -1.2692899270955568e-19 
1.7000000000000000e+01 2.5000000000000000e+01 1.1232160951607065e-02 1.4000000000000099e+00 
1.8000000000000000e+01 1.4960070541823441e+01 -2.5520903565349338e-02 4.6996964166261823e-01 

