0.0000000000000000e+00 -3.4467163682248286e-01 
4.0000000000000001e-02 1.0000000000000000e+00 
8.0000000000000002e-02 1.0000000000000000e+00 
1.2000000000000000e-01 1.0000000000000000e+00 
1.6000000000000000e-01 1.0000000000000000e+00 
2.0000000000000001e-01 5.3388605530601430e-01 
2.3999999999999999e-01 2.9055517266238723e-01 
2.8000000000000003e-01 1.6772828748366628e-01 
3.2000000000000001e-01 1.0011042762812795e-01 
3.5999999999999999e-01 6.0812323700376140e-02 
4.0000000000000002e-01 3.7276188108516038e-02 
4.4000000000000000e-01 2.2949704599959795e-02 
4.7999999999999998e-01 1.4161930069385660e-02 
5.2000000000000002e-01 8.7482358636223247e-03 
5.6000000000000005e-01 5.4056631765525337e-03 
5.9999999999999998e-01 3.3432835583356649e-03 
6.4000000000000001e-01 2.0672626364665928e-03 
6.8000000000000005e-01 1.2768291338817836e-03 
7.1999999999999997e-01 7.9165208667913317e-04 
7.6000000000000001e-01 4.8958079193721111e-04 
8.0000000000000004e-01 3.0523416498221711e-04 
8.3999999999999997e-01 1.8844495248305802e-04 
8.8000000000000000e-01 1.1814843071623378e-04 
9.2000000000000004e-01 7.1317716409966854e-05 
9.5999999999999996e-01 2.7942134466418389e-05 
1.0000000000000000e+00 2.7942134466418389e-05 

